#	CcnonQE cross-section GLoBES upto 10GeV					
#log10E	nue/E	numu/E	numtau/E	nuebar/E	numubar/E	nutaubar/E
-1	0	0	0	0	0	0
-0.996	0	0	0	1.70883835172108E-05	1.70883835172108E-05	0
-0.992	0	0	0	3.43348839003067E-05	3.43348839003067E-05	0
-0.988	0	0	0	0.000051741	0.000051741	0
-0.984	0	0	0	6.93081009510111E-05	6.93081009510111E-05	0
-0.98	0	0	0	8.70377844305204E-05	8.70377844305204E-05	0
-0.976	0	0	0	0.0001049315	0.0001049315	0
-0.972	0	0	0	0.0001229908	0.0001229908	0
-0.968	0	0	0	0.0001412172	0.0001412172	0
-0.964	0	0	0	0.0001596123	0.0001596123	0
-0.96	0	0	0	0.0001781775	0.0001781775	0
-0.956	0	0	0	0.0001969146	0.0001969146	0
-0.952	0	0	0	0.000215825	0.000215825	0
-0.948	0	0	0	0.0002349104	0.0002349104	0
-0.944	0	0	0	0.0002541724	0.0002541724	0
-0.94	0	0	0	0.0002736126	0.0002736126	0
-0.936	0	0	0	0.0002932327	0.0002932327	0
-0.932	0	0	0	0.0003130343	0.0003130343	0
-0.928	0	0	0	0.0003330191	0.0003330191	0
-0.924	0	0	0	0.0003531889	0.0003531889	0
-0.92	0	0	0	0.0003735453	0.0003735453	0
-0.916	0	0	0	0.0003940901	0.0003940901	0
-0.912	0	0	0	0.0004148249	0.0004148249	0
-0.908	0	0	0	0.0004357516	0.0004357516	0
-0.904	0	0	0	0.000456872	0.000456872	0
-0.9	0	0	0	0.0004781877	0.0004781877	0
-0.896	0	0	0	0.0004997007	0.0004997007	0
-0.892	0	0	0	0.0005214128	0.0005214128	0
-0.888	0	0	0	0.0005433258	0.0005433258	0
-0.884	0	0	0	0.0005654415	0.0005654415	0
-0.88	0	0	0	0.0005877618	0.0005877618	0
-0.876	0	0	0	0.0006102887	0.0006102887	0
-0.872	0	0	0	0.000633024	0.000633024	0
-0.868	0	0	0	0.0006559697	0.0006559697	0
-0.864	0	0	0	0.0006791277	0.0006791277	0
-0.86	0	0	0	0.0007025	0.0007025	0
-0.856	0	0	0	0.0007260885	0.0007260885	0
-0.852	0	0	0	0.0007498953	0.0007498953	0
-0.848	0	0	0	0.0007739224	0.0007739224	0
-0.844	0	0	0	0.0007981718	0.0007981718	0
-0.84	0	0	0	0.0008226456	0.0008226456	0
-0.836	0	0	0	0.0004682135	0.0004682135	0
-0.832	0	0	0	-5.62968714381828E-05	-5.62968714381828E-05	0
-0.828	0	0	0	-0.0005856605	-0.0005856605	0
-0.824	0	0	0	-0.0011116814	-0.0011116814	0
-0.82	0	0	0	-0.0010322082	-0.0010322082	0
-0.816	0	0	0	-0.0009519997	-0.0009519997	0
-0.812	0	0	0	-0.0008710491	-0.0008710491	0
-0.808	0	0	0	-0.0007893494	-0.0007893494	0
-0.804	0	0	0	-0.0007068938	-0.0007068938	0
-0.8	0	0	0	-0.0006236752	-0.0006236752	0
-0.796	0	0	0	-0.0005396866	-0.0005396866	0
-0.792	0	0	0	-0.0004549208	-0.0004549208	0
-0.788	0	0	0	-0.0003693708	-0.0003693708	0
-0.784	0	0	0	-0.0002830291	-0.0002830291	0
-0.78	0	0	0	-0.0001958885	-0.0001958885	0
-0.776	0	0	0	-0.0001079417	-0.0001079417	0
-0.772	0	0	0	-0.000019181	-0.000019181	0
-0.768	0	0	0	7.04008796576089E-05	7.04008796576089E-05	0
-0.764	0	0	0	0.0001608117	0.0001608117	0
-0.76	0	0	0	0.0002520591	0.0002520591	0
-0.756	0	0	0	0.0003441507	0.0003441507	0
-0.752	0	0	0	0.0004370945	0.0004370945	0
-0.748	0	0	0	0.0005308983	0.0005308983	0
-0.744	0	0	0	0.0006255701	0.0006255701	0
-0.74	0	0	0	0.0007211178	0.0007211178	0
-0.736	0	0	0	0.0008175496	0.0008175496	0
-0.732	0	0	0	0.0009148737	0.0009148737	0
-0.728	0	0	0	0.0010130983	0.0010130983	0
-0.724	0	0	0	0.0011122318	0.0011122318	0
-0.72	0	0	0	0.0010588477	0.0010588477	0
-0.716	0	0	0	0.0007411073	0.0007411073	0
-0.712	0	0	0	0.0004204268	0.0004204268	0
-0.708	0	0	0	9.67791748048008E-05	9.67791748048008E-05	0
-0.704	0	0	0	-0.0002298632	-0.0002298632	0
-0.7	0	0	0	-0.0005595279	-0.0005595279	0
-0.696	7.79523466002407E-05	7.79523466002407E-05	0	-0.0004876321	-0.0004876321	0
-0.692	0.0001765969	0.0001765969	0	-0.0003114121	-0.0003114121	0
-0.688	0.0002761543	0.0002761543	0	-0.0001335616	-0.0001335616	0
-0.684	0.0003766328	0.0003766328	0	4.59346249564591E-05	4.59346249564591E-05	0
-0.68	0.000478041	0.000478041	0	0.0002270917	0.0002270917	0
-0.676	0.0005803876	0.0005803876	0	0.0004099249	0.0004099249	0
-0.672	0.0006836811	0.0006836811	0	0.0005944499	0.0005944499	0
-0.668	0.0007879304	0.0007879304	0	0.0007806823	0.0007806823	0
-0.664	0.0008931444	0.0008931444	0	0.0009686379	0.0009686379	0
-0.66	0.0009993318	0.0009993318	0	0.0011583326	0.0011583326	0
-0.656	0.0011065018	0.0011065018	0	0.0013497825	0.0013497825	0
-0.652	0.0012146635	0.0012146635	0	0.0015430039	0.0015430039	0
-0.648	0.0013238259	0.0013238259	0	0.0017380131	0.0017380131	0
-0.644	0.0014339984	0.0014339984	0	0.0019348268	0.0019348268	0
-0.64	0.0015451903	0.0015451903	0	0.0021334615	0.0021334615	0
-0.636	0.0016574111	0.0016574111	0	0.0023339342	0.0023339342	0
-0.632	0.0017706702	0.0017706702	0	0.0025362619	0.0025362619	0
-0.628	0.0018849773	0.0018849773	0	0.0026487801	0.0026487801	0
-0.624	0.0020003421	0.0020003421	0	0.0025498233	0.0025498233	0
-0.62	0.0021167743	0.0021167743	0	0.002449951	0.002449951	0
-0.616	0.0022342839	0.0022342839	0	0.0023491545	0.0023491545	0
-0.612	0.0023528808	0.0023528808	0	0.0022474253	0.0022474253	0
-0.608	0.002472575	0.002472575	0	0.0021447549	0.0021447549	0
-0.604	0.0025933768	0.0025933768	0	0.0020411345	0.0020411345	0
-0.6	0.0027442761	0.0027442761	0	0.0021570196	0.0021570196	0
-0.596	0.0029176399	0.0029176399	0	0.002434254	0.002434254	0
-0.592	0.0030926078	0.0030926078	0	0.0027140537	0.0027140537	0
-0.588	0.0032691947	0.0032691947	0	0.0029964423	0.0029964423	0
-0.584	0.0034474155	0.0034474155	0	0.0032814438	0.0032814438	0
-0.58	0.0036272854	0.0036272854	0	0.0035690824	0.0035690824	0
-0.576	0.0038088196	0.0038088196	0	0.0038593825	0.0038593825	0
-0.572	0.0039920335	0.0039920335	0	0.0041523687	0.0041523687	0
-0.568	0.0041769427	0.0041769427	0	0.0044480659	0.0044480659	0
-0.564	0.0043635628	0.0043635628	0	0.0047464991	0.0047464991	0
-0.56	0.0045519097	0.0045519097	0	0.0050476937	0.0050476937	0
-0.556	0.0047419993	0.0047419993	0	0.0053516752	0.0053516752	0
-0.552	0.0049338478	0.0049338478	0	0.005581396	0.005581396	0
-0.548	0.0051274715	0.0051274715	0	0.0056218874	0.0056218874	0
-0.544	0.0053228867	0.0053228867	0	0.0056627534	0.0056627534	0
-0.54	0.0055201101	0.0055201101	0	0.0057039976	0.0057039976	0
-0.536	0.0057191584	0.0057191584	0	0.0057456234	0.0057456234	0
-0.532	0.0059200485	0.0059200485	0	0.0057876344	0.0057876344	0
-0.528	0.0061227974	0.0061227974	0	0.0058300341	0.0058300341	0
-0.524	0.0063274222	0.0063274222	0	0.0058728261	0.0058728261	0
-0.52	0.0065303103	0.0065303103	0	0.0061347737	0.0061347737	0
-0.516	0.0067341185	0.0067341185	0	0.0064568297	0.0064568297	0
-0.512	0.0069398124	0.0069398124	0	0.0067818657	0.0067818657	0
-0.508	0.0071474097	0.0071474097	0	0.0071099091	0.0071099091	0
-0.504	0.0073569278	0.0073569278	0	0.0074409879	0.0074409879	0
-0.5	0.0075683845	0.0075683845	0	0.0077751302	0.0077751302	0
-0.496	0.0077817978	0.0077817978	0	0.0081123642	0.0081123642	0
-0.492	0.0079971859	0.0079971859	0	0.0084527186	0.0084527186	0
-0.488	0.0082145668	0.0082145668	0	0.0087724399	0.0087724399	0
-0.484	0.0084339592	0.0084339592	0	0.0089070322	0.0089070322	0
-0.48	0.0086553816	0.0086553816	0	0.0090428698	0.0090428698	0
-0.476	0.0088788528	0.0088788528	0	0.0091799642	0.0091799642	0
-0.472	0.0091043917	0.0091043917	0	0.0093183272	0.0093183272	0
-0.468	0.0093320176	0.0093320176	0	0.0094579705	0.0094579705	0
-0.464	0.0095617496	0.0095617496	0	0.0095989059	0.0095989059	0
-0.46	0.0097936073	0.0097936073	0	0.0097411453	0.0097411453	0
-0.456	0.0100672798	0.0100672798	0	0.0098961537	0.0098961537	0
-0.452	0.0109616005	0.0109616005	0	0.0102310518	0.0102310518	0
-0.448	0.0118641963	0.0118641963	0	0.0105690487	0.0105690487	0
-0.444	0.0127751437	0.0127751437	0	0.0109101729	0.0109101729	0
-0.44	0.01369452	0.01369452	0	0.0112544536	0.0112544536	0
-0.436	0.0146224032	0.0146224032	0	0.0116019199	0.0116019199	0
-0.432	0.015558872	0.015558872	0	0.0119525038	0.0119525038	0
-0.428	0.0165040058	0.0165040058	0	0.0123038305	0.0123038305	0
-0.424	0.0174578848	0.0174578848	0	0.0126584079	0.0126584079	0
-0.42	0.01842059	0.01842059	0	0.0130162662	0.0130162662	0
-0.416	0.019392203	0.019392203	0	0.0133774357	0.0133774357	0
-0.412	0.0203728062	0.0203728062	0	0.0137419471	0.0137419471	0
-0.408	0.0213624828	0.0213624828	0	0.0141098313	0.0141098313	0
-0.404	0.0223613167	0.0223613167	0	0.0144811194	0.0144811194	0
-0.4	0.0233693928	0.0233693928	0	0.0148558431	0.0148558431	0
-0.396	0.0252439875	0.0252439875	0	0.0153123243	0.0153123243	0
-0.392	0.0277949985	0.0277949985	0	0.0158332247	0.0158332247	0
-0.388	0.0303696137	0.0303696137	0	0.0163589448	0.0163589448	0
-0.384	0.0329680515	0.0329680515	0	0.0168895294	0.0168895294	0
-0.38	0.0355905324	0.0355905324	0	0.0174531309	0.0174531309	0
-0.376	0.0382372788	0.0382372788	0	0.0180424299	0.0180424299	0
-0.372	0.0409085153	0.0409085153	0	0.0186371817	0.0186371817	0
-0.368	0.0436044684	0.0436044684	0	0.0192374366	0.0192374366	0
-0.364	0.0463253668	0.0463253668	0	0.0198432457	0.0198432457	0
-0.36	0.0490714414	0.0490714414	0	0.0204546602	0.0204546602	0
-0.356	0.0518429251	0.0518429251	0	0.021071732	0.021071732	0
-0.352	0.0546400531	0.0546400531	0	0.0216945136	0.0216945136	0
-0.348	0.0574630625	0.0574630625	0	0.0223230577	0.0223230577	0
-0.344	0.0603099617	0.0603099617	0	0.0230466469	0.0230466469	0
-0.34	0.0631825758	0.0631825758	0	0.023802016	0.023802016	0
-0.336	0.0660817697	0.0660817697	0	0.0244872266	0.0244872266	0
-0.332	0.0690077896	0.0690077896	0	0.025064911	0.025064911	0
-0.328	0.0719608837	0.0719608837	0	0.0256479406	0.0256479406	0
-0.324	0.0749413023	0.0749413023	0	0.0262363648	0.0262363648	0
-0.32	0.0779492985	0.0779492985	0	0.0268302338	0.0268302338	0
-0.316	0.0809851273	0.0809851273	0	0.0274295977	0.0274295977	0
-0.312	0.0840490462	0.0840490462	0	0.0280345074	0.0280345074	0
-0.308	0.0871413153	0.0871413153	0	0.0286450144	0.0286450144	0
-0.304	0.0902621968	0.0902621968	0	0.0292611702	0.0292611702	0
-0.3	0.0938415442	0.0938415442	0	0.0299212944	0.0299212944	0
-0.296	0.0982755789	0.0982755789	0	0.030683304	0.030683304	0
-0.292	0.1027506413	0.1027506413	0	0.0315125206	0.0315125206	0
-0.288	0.1072671109	0.1072671109	0	0.0323494099	0.0323494099	0
-0.284	0.1118253708	0.1118253708	0	0.0331940428	0.0331940428	0
-0.28	0.1164258078	0.1164258078	0	0.034046491	0.034046491	0
-0.276	0.1210688122	0.1210688122	0	0.0349068269	0.0349068269	0
-0.272	0.1257547777	0.1257547777	0	0.0357751233	0.0357751233	0
-0.268	0.130484102	0.130484102	0	0.0366514539	0.0366514539	0
-0.264	0.1352571861	0.1352571861	0	0.0375358932	0.0375358932	0
-0.26	0.140074435	0.140074435	0	0.0384269894	0.0384269894	0
-0.256	0.1444583764	0.1444583764	0	0.0392346315	0.0392346315	0
-0.252	0.1488820148	0.1488820148	0	0.0400499219	0.0400499219	0
-0.248	0.1533465845	0.1533465845	0	0.0408727562	0.0408727562	0
-0.244	0.1578524644	0.1578524644	0	0.0417032041	0.0417032041	0
-0.24	0.1624000367	0.1624000367	0	0.042541336	0.042541336	0
-0.236	0.1669896872	0.1669896872	0	0.043387223	0.043387223	0
-0.232	0.1716218052	0.1716218052	0	0.0442409369	0.0442409369	0
-0.228	0.1762967836	0.1762967836	0	0.0451025502	0.0451025502	0
-0.224	0.1810150191	0.1810150191	0	0.0459165397	0.0459165397	0
-0.22	0.185443016	0.185443016	0	0.0467210016	0.0467210016	0
-0.216	0.1896405191	0.1896405191	0	0.0475700046	0.0475700046	0
-0.212	0.1938768612	0.1938768612	0	0.0484268633	0.0484268633	0
-0.208	0.1981524017	0.1981524017	0	0.0492916505	0.0492916505	0
-0.204	0.2024675034	0.2024675034	0	0.0501644394	0.0501644394	0
-0.2	0.2068225321	0.2068225321	0	0.0510453041	0.0510453041	0
-0.196	0.2112178574	0.2112178574	0	0.0519343194	0.0519343194	0
-0.192	0.2156538522	0.2156538522	0	0.0527775481	0.0527775481	0
-0.188	0.2201308927	0.2201308927	0	0.0535853954	0.0535853954	0
-0.184	0.2242018864	0.2242018864	0	0.054474094	0.054474094	0
-0.18	0.2282395288	0.2282395288	0	0.0553826615	0.0553826615	0
-0.176	0.2323145311	0.2323145311	0	0.0562996358	0.0562996358	0
-0.172	0.236427239	0.236427239	0	0.0572250947	0.0572250947	0
-0.168	0.2405780012	0.2405780012	0	0.0581591169	0.0581591169	0
-0.164	0.24476717	0.24476717	0	0.0590762699	0.0590762699	0
-0.16	0.2489951006	0.2489951006	0	0.0598854947	0.0598854947	0
-0.156	0.2532621519	0.2532621519	0	0.0607022071	0.0607022071	0
-0.152	0.2572029918	0.2572029918	0	0.0615930819	0.0615930819	0
-0.148	0.2610988812	0.2610988812	0	0.0625070283	0.0625070283	0
-0.144	0.2650308188	0.2650308188	0	0.0634294314	0.0634294314	0
-0.14	0.2689991381	0.2689991381	0	0.0643603693	0.0643603693	0
-0.136	0.2730041759	0.2730041759	0	0.0652775245	0.0652775245	0
-0.132	0.2770462719	0.2770462719	0	0.0661433826	0.0661433826	0
-0.128	0.2811257689	0.2811257689	0	0.0670172525	0.0670172525	0
-0.124	0.2850644664	0.2850644664	0	0.0679192381	0.0679192381	0
-0.12	0.2886734838	0.2886734838	0	0.0688706429	0.0688706429	0
-0.116	0.292315895	0.292315895	0	0.0698308509	0.0698308509	0
-0.112	0.295992009	0.295992009	0	0.0707999435	0.0707999435	0
-0.108	0.2997021377	0.2997021377	0	0.0717416164	0.0717416164	0
-0.104	0.3034465958	0.3034465958	0	0.072681674	0.072681674	0
-0.1	0.307225701	0.307225701	0	0.0736304299	0.0736304299	0
-0.096	0.3109370334	0.3109370334	0	0.0746048285	0.0746048285	0
-0.092	0.3144659219	0.3144659219	0	0.0756238266	0.0756238266	0
-0.088	0.3180274628	0.3180274628	0	0.0766522534	0.0766522534	0
-0.084	0.3216219583	0.3216219583	0	0.0776522257	0.0776522257	0
-0.08	0.3252497132	0.3252497132	0	0.0786411369	0.0786411369	0
-0.076	0.3289110353	0.3289110353	0	0.0796391983	0.0796391983	0
-0.072	0.3326062352	0.3326062352	0	0.0806464947	0.0806464947	0
-0.068	0.3361891568	0.3361891568	0	0.0817022783	0.0817022783	0
-0.064	0.3397538293	0.3397538293	0	0.082781576	0.082781576	0
-0.06	0.3433514852	0.3433514852	0	0.0840032162	0.0840032162	0
-0.056	0.3469824298	0.3469824298	0	0.0852591264	0.0852591264	0
-0.052	0.3506469712	0.3506469712	0	0.0865266574	0.0865266574	0
-0.048	0.3543454201	0.3543454201	0	0.0878059168	0.0878059168	0
-0.044	0.3579443552	0.3579443552	0	0.0891214311	0.0891214311	0
-0.04	0.3614602509	0.3614602509	0	0.090487173	0.090487173	0
-0.036	0.3650086788	0.3650086788	0	0.0918973262	0.0918973262	0
-0.032	0.3685899398	0.3685899398	0	0.0933205273	0.0933205273	0
-0.028	0.3722043379	0.3722043379	0	0.0947568972	0.0947568972	0
-0.024	0.3758521796	0.3758521796	0	0.0962065576	0.0962065576	0
-0.02	0.3793782105	0.3793782105	0	0.0976821051	0.0976821051	0
-0.016	0.382858593	0.382858593	0	0.0991088311	0.0991088311	0
-0.012	0.3863711791	0.3863711791	0	0.1005487584	0.1005487584	0
-0.008	0.3899162667	0.3899162667	0	0.1020020092	0.1020020092	0
-0.004	0.3934941567	0.3934941567	0	0.1034687068	0.1034687068	0
0	0.3970648532	0.3970648532	0	0.1049610846	0.1049610846	0
0.004	0.4002949455	0.4002949455	0	0.1065720849	0.1065720849	0
0.008	0.4035549254	0.4035549254	0	0.1081979916	0.1081979916	0
0.012	0.4068450695	0.4068450695	0	0.1098389426	0.1098389426	0
0.016	0.410165657	0.410165657	0	0.1114950772	0.1114950772	0
0.02	0.4135169695	0.4135169695	0	0.1131564077	0.1131564077	0
0.024	0.416697382	0.416697382	0	0.1148228234	0.1148228234	0
0.028	0.419856814	0.419856814	0	0.1165072457	0.1165072457	0
0.032	0.4230454799	0.4230454799	0	0.1182072537	0.1182072537	0
0.036	0.4262636501	0.4262636501	0	0.1199229917	0.1199229917	0
0.04	0.4295115976	0.4295115976	0	0.1216562083	0.1216562083	0
0.044	0.4327112887	0.4327112887	0	0.1234135354	0.1234135354	0
0.048	0.4359144431	0.4359144431	0	0.1251896416	0.1251896416	0
0.052	0.439147236	0.439147236	0	0.1269821819	0.1269821819	0
0.056	0.4424099416	0.4424099416	0	0.128760476	0.128760476	0
0.06	0.4457028366	0.4457028366	0	0.1305004199	0.1305004199	0
0.064	0.4488633317	0.4488633317	0	0.1322807366	0.1322807366	0
0.068	0.4520397501	0.4520397501	0	0.1340795115	0.1340795115	0
0.072	0.4552455595	0.4552455595	0	0.1358859006	0.1358859006	0
0.076	0.4584810319	0.4584810319	0	0.1376532652	0.1376532652	0
0.08	0.4616791458	0.4616791458	0	0.1394348918	0.1394348918	0
0.084	0.4647522579	0.4647522579	0	0.1412281994	0.1412281994	0
0.088	0.4678538052	0.4678538052	0	0.1430311692	0.1430311692	0
0.092	0.4709840507	0.4709840507	0	0.1447671484	0.1447671484	0
0.096	0.47414326	0.47414326	0	0.1465191904	0.1465191904	0
0.1	0.4771842083	0.4771842083	0	0.1483292121	0.1483292121	0
0.104	0.4802316278	0.4802316278	0	0.1501484692	0.1501484692	0
0.108	0.4833072447	0.4833072447	0	0.1519127174	0.1519127174	0
0.112	0.4864113199	0.4864113199	0	0.1536932899	0.1536932899	0
0.116	0.4894161373	0.4894161373	0	0.1554795475	0.1554795475	0
0.12	0.492368077	0.492368077	0	0.1572484812	0.1572484812	0
0.124	0.4953473306	0.4953473306	0	0.1589894613	0.1589894613	0
0.128	0.4983541509	0.4983541509	0	0.1607465506	0.1607465506	0
0.132	0.501304971	0.501304971	0	0.1625245031	0.1625245031	0
0.136	0.5042044664	0.5042044664	0	0.1642724134	0.1642724134	0
0.14	0.5071307904	0.5071307904	0	0.1660173372	0.1660173372	0
0.144	0.5100841915	0.5100841915	0	0.1677784065	0.1677784065	0
0.148	0.5129333724	0.5129333724	0	0.169533066	0.169533066	0
0.152	0.5157087548	0.5157087548	0	0.1712281367	0.1712281367	0
0.156	0.5185098174	0.5185098174	0	0.1729388916	0.1729388916	0
0.16	0.521336798	0.521336798	0	0.1746654759	0.1746654759	0
0.164	0.5240160017	0.5240160017	0	0.1763453355	0.1763453355	0
0.168	0.5266645529	0.5266645529	0	0.1780220333	0.1780220333	0
0.172	0.5293376107	0.5293376107	0	0.1797142455	0.1797142455	0
0.176	0.5320174644	0.5320174644	0	0.1813843109	0.1813843109	0
0.18	0.5345107718	0.5345107718	0	0.1830148129	0.1830148129	0
0.184	0.5370271495	0.5370271495	0	0.1846604018	0.1846604018	0
0.188	0.539566811	0.539566811	0	0.1862893884	0.1862893884	0
0.192	0.5419948744	0.5419948744	0	0.1878340796	0.1878340796	0
0.196	0.5443194655	0.5443194655	0	0.1893987302	0.1893987302	0
0.2	0.5466655658	0.5466655658	0	0.1909720714	0.1909720714	0
0.204	0.5490257537	0.5490257537	0	0.1925088482	0.1925088482	0
0.208	0.5513088696	0.5513088696	0	0.1940342788	0.1940342788	0
0.212	0.5536131108	0.5536131108	0	0.1955732716	0.1955732716	0
0.216	0.5559386729	0.5559386729	0	0.1971187	0.1971187	0
0.22	0.5583341812	0.5583341812	0	0.1986881575	0.1986881575	0
0.224	0.5607697529	0.5607697529	0	0.2002718928	0.2002718928	0
0.228	0.5632278608	0.5632278608	0	0.2018390026	0.2018390026	0
0.232	0.5656390895	0.5656390895	0	0.2034031557	0.2034031557	0
0.236	0.5679998304	0.5679998304	0	0.2049532513	0.2049532513	0
0.24	0.570382415	0.570382415	0	0.206483429	0.206483429	0
0.244	0.5727974198	0.5727974198	0	0.2080343525	0.2080343525	0
0.248	0.5752547421	0.5752547421	0	0.2096088827	0.2096088827	0
0.252	0.5777348017	0.5777348017	0	0.2111933769	0.2111933769	0
0.256	0.5802102752	0.5802102752	0	0.212786229	0.212786229	0
0.26	0.5826390761	0.5826390761	0	0.2143452172	0.2143452172	0
0.264	0.5850903505	0.5850903505	0	0.2159041839	0.2159041839	0
0.268	0.5875336718	0.5875336718	0	0.2174720054	0.2174720054	0
0.272	0.5899310424	0.5899310424	0	0.2190086731	0.2190086731	0
0.276	0.5923505956	0.5923505956	0	0.2205595595	0.2205595595	0
0.28	0.5947725362	0.5947725362	0	0.2221194649	0.2221194649	0
0.284	0.5971885057	0.5971885057	0	0.2236869399	0.2236869399	0
0.288	0.5996268299	0.5996268299	0	0.2252689186	0.2252689186	0
0.292	0.602014445	0.602014445	0	0.2268084854	0.2268084854	0
0.296	0.6043739245	0.6043739245	0	0.2283437802	0.2283437802	0
0.3	0.6067552359	0.6067552359	0	0.2298447879	0.2298447879	0
0.304	0.6086977836	0.6086977836	0	0.2312825424	0.2312825424	0
0.308	0.6105738408	0.6105738408	0	0.232732779	0.232732779	0
0.312	0.6124043182	0.6124043182	0	0.2339942779	0.2339942779	0
0.316	0.6139314319	0.6139314319	0	0.2352507458	0.2352507458	0
0.32	0.6154726758	0.6154726758	0	0.2365033459	0.2365033459	0
0.324	0.6169884073	0.6169884073	0	0.2377401248	0.2377401248	0
0.328	0.6184852899	0.6184852899	0	0.2389691269	0.2389691269	0
0.332	0.6199960231	0.6199960231	0	0.2401958154	0.2401958154	0
0.336	0.6215797858	0.6215797858	0	0.241444984	0.241444984	0
0.34	0.6231785635	0.6231785635	0	0.2427296156	0.2427296156	0
0.344	0.6247832035	0.6247832035	0	0.2440196765	0.2440196765	0
0.348	0.6263936474	0.6263936474	0	0.2452958355	0.2452958355	0
0.352	0.6280148643	0.6280148643	0	0.2465763577	0.2465763577	0
0.356	0.6295839306	0.6295839306	0	0.24782675	0.24782675	0
0.36	0.6311675153	0.6311675153	0	0.2490787849	0.2490787849	0
0.364	0.6327852206	0.6327852206	0	0.2503499675	0.2503499675	0
0.368	0.6344274426	0.6344274426	0	0.251643779	0.251643779	0
0.372	0.6360826044	0.6360826044	0	0.2529448914	0.2529448914	0
0.376	0.6377486239	0.6377486239	0	0.2542488818	0.2542488818	0
0.38	0.6394265236	0.6394265236	0	0.2555566384	0.2555566384	0
0.384	0.6410542545	0.6410542545	0	0.2568332119	0.2568332119	0
0.388	0.6426970466	0.6426970466	0	0.2581154463	0.2581154463	0
0.392	0.6441980639	0.6441980639	0	0.2593797999	0.2593797999	0
0.396	0.6456766187	0.6456766187	0	0.2605794316	0.2605794316	0
0.4	0.6469401295	0.6469401295	0	0.2616045829	0.2616045829	0
0.404	0.6480740665	0.6480740665	0	0.2626335957	0.2626335957	0
0.408	0.6491977882	0.6491977882	0	0.2636485569	0.2636485569	0
0.412	0.6503083846	0.6503083846	0	0.2646538896	0.2646538896	0
0.416	0.6514139389	0.6514139389	0	0.2656523604	0.2656523604	0
0.42	0.652502496	0.652502496	0	0.2666378965	0.2666378965	0
0.424	0.653598647	0.653598647	0	0.2676312398	0.2676312398	0
0.428	0.6546989341	0.6546989341	0	0.2686457982	0.2686457982	0
0.432	0.6558018071	0.6558018071	0	0.2696679518	0.2696679518	0
0.436	0.6568935766	0.6568935766	0	0.2706812822	0.2706812822	0
0.44	0.6579847283	0.6579847283	0	0.2716950004	0.2716950004	0
0.444	0.65905708	0.65905708	0	0.2726901261	0.2726901261	0
0.448	0.6601273457	0.6601273457	0	0.2736835645	0.2736835645	0
0.452	0.6611813093	0.6611813093	0	0.2746628245	0.2746628245	0
0.456	0.6622261084	0.6622261084	0	0.2756448545	0.2756448545	0
0.46	0.6632512959	0.6632512959	0	0.2766323496	0.2766323496	0
0.464	0.6642677383	0.6642677383	0	0.277609192	0.277609192	0
0.468	0.6652756605	0.6652756605	0	0.2785816038	0.2785816038	0
0.472	0.6662708527	0.6662708527	0	0.2795410253	0.2795410253	0
0.476	0.6672632927	0.6672632927	0	0.2804962283	0.2804962283	0
0.48	0.6682378117	0.6682378117	0	0.281438609	0.281438609	0
0.484	0.6692104678	0.6692104678	0	0.2823501623	0.2823501623	0
0.488	0.6700273229	0.6700273229	0	0.2832461037	0.2832461037	0
0.492	0.6708379715	0.6708379715	3.47314385177453E-06	0.2840856987	0.2840856987	1.73326469354878E-06
0.496	0.6716177076	0.6716177076	2.40036910193515E-05	0.2849175989	0.2849175989	0.000011979
0.5	0.6723916573	0.6723916573	4.47242050009429E-05	0.2857440747	0.2857440747	2.23195147634226E-05
0.504	0.6731610707	0.6731610707	6.56364435378675E-05	0.2865642183	0.2865642183	3.27557207675599E-05
0.508	0.6739180492	0.6739180492	8.67421806355627E-05	0.2873724131	0.2873724131	4.32884917969162E-05
0.512	0.6746769152	0.6746769152	0.0001080432	0.2881838075	0.2881838075	5.39187213566935E-05
0.516	0.6754380281	0.6754380281	0.0001295413	0.2890090176	0.2890090176	6.46473112195419E-05
0.52	0.6762047803	0.6762047803	0.0001512384	0.2898531646	0.2898531646	7.54751715021657E-05
0.524	0.6769770809	0.6769770809	0.0001731362	0.2907098581	0.2907098581	8.64032207424311E-05
0.528	0.6777371614	0.6777371614	0.0001952366	0.2915536534	0.2915536534	9.74323859773686E-05
0.532	0.6784954492	0.6784954492	0.0002175415	0.2923937967	0.2923937967	0.0001085636
0.536	0.6792437011	0.6792437011	0.0002400528	0.2932244304	0.2932244304	0.0001197978
0.54	0.6799848145	0.6799848145	0.0002627724	0.2940471851	0.2940471851	0.000131136
0.544	0.6807099245	0.6807099245	0.0002857022	0.2948347985	0.2948347985	0.000142579
0.548	0.6812836905	0.6812836905	0.0003088442	0.2955525175	0.2955525175	0.000154128
0.552	0.6818305976	0.6818305976	0.0003322003	0.2961890168	0.2961890168	0.0001657838
0.556	0.6823555279	0.6823555279	0.0003557725	0.2968252621	0.2968252621	0.0001775475
0.56	0.6828712266	0.6828712266	0.0003795629	0.2974504577	0.2974504577	0.00018942
0.564	0.6833841914	0.6833841914	0.0004035733	0.2980723115	0.2980723115	0.0002014024
0.568	0.6838945247	0.6838945247	0.0004278059	0.2986909397	0.2986909397	0.0002134956
0.572	0.6843965887	0.6843965887	0.0004522628	0.299299589	0.299299589	0.0002257007
0.576	0.6848983241	0.6848983241	0.0004769459	0.2999311512	0.2999311512	0.0002380188
0.58	0.6853994997	0.6853994997	0.0005018575	0.300578867	0.300578867	0.0002504509
0.584	0.6858955883	0.6858955883	0.0005269995	0.301230769	0.301230769	0.0002629979
0.588	0.686386748	0.686386748	0.0005523742	0.301876186	0.301876186	0.0002756611
0.592	0.6868748564	0.6868748564	0.0005779837	0.3025173117	0.3025173117	0.0002884415
0.596	0.6873591876	0.6873591876	0.0006038301	0.3031534676	0.3031534676	0.0003013401
0.6	0.6878363083	0.6878363083	0.0006299157	0.3037804861	0.3037804861	0.000314358
0.604	0.6883123356	0.6883123356	0.0006562426	0.3044135491	0.3044135491	0.0003274964
0.608	0.6887878646	0.6887878646	0.0006828132	0.3050701803	0.3050701803	0.0003407564
0.612	0.6892632588	0.6892632588	0.0007096296	0.305746275	0.305746275	0.0003541391
0.616	0.6897325268	0.6897325268	0.0010253122	0.3064142659	0.3064142659	0.0005143226
0.62	0.6901983957	0.6901983957	0.0014098946	0.3070773086	0.3070773086	0.0007095192
0.624	0.6906607494	0.6906607494	0.0017980355	0.3077352542	0.3077352542	0.0009065218
0.628	0.6911194883	0.6911194883	0.0021897679	0.3083879758	0.3083879758	0.0011053473
0.632	0.6915717985	0.6915717985	0.0025851249	0.3090331083	0.3090331083	0.0013060125
0.636	0.6920226166	0.6920226166	0.0029841401	0.3096904533	0.3096904533	0.0015085344
0.64	0.692471465	0.692471465	0.0033868473	0.3103794971	0.3103794971	0.0017129303
0.644	0.6929175856	0.6929175856	0.0037932807	0.3110673864	0.3110673864	0.0019192174
0.648	0.6933599815	0.6933599815	0.0042034749	0.3117494698	0.3117494698	0.0021274132
0.652	0.6937967068	0.6937967068	0.0046174645	0.3124232714	0.3124232714	0.0023375355
0.656	0.6942296865	0.6942296865	0.0050352847	0.3130912443	0.3130912443	0.002549602
0.66	0.6946590374	0.6946590374	0.0054569709	0.3137535405	0.3137535405	0.0027636307
0.664	0.6950665612	0.6950665612	0.005882559	0.3143962075	0.3143962075	0.0029796398
0.668	0.695431076	0.695431076	0.0063120849	0.3149917107	0.3149917107	0.0031976476
0.672	0.6957489138	0.6957489138	0.0067455853	0.3155449061	0.3155449061	0.0034176726
0.676	0.6960634836	0.6960634836	0.0071830967	0.316092425	0.316092425	0.0036397335
0.68	0.6963747918	0.6963747918	0.0076246564	0.3166342785	0.3166342785	0.0038638491
0.684	0.6966833804	0.6966833804	0.0080703018	0.3171713938	0.3171713938	0.0040900384
0.688	0.696989245	0.696989245	0.0085200707	0.3177037639	0.3177037639	0.0043183206
0.692	0.697292385	0.697292385	0.0089740013	0.3182313573	0.3182313573	0.0045487151
0.696	0.6975694184	0.6975694184	0.0094321321	0.3187473517	0.3187473517	0.0047812414
0.7	0.6978114639	0.6978114639	0.0098945018	0.3192247311	0.3192247311	0.0050159192
0.704	0.6980437382	0.6980437382	0.0103611499	0.3197003831	0.3197003831	0.0052527685
0.708	0.6982738913	0.6982738913	0.0108787276	0.3201716931	0.3201716931	0.0055162111
0.712	0.6985019341	0.6985019341	0.0117507687	0.3206386811	0.3206386811	0.0059651494
0.716	0.6987278796	0.6987278796	0.0126308787	0.3211013708	0.3211013708	0.0064182416
0.72	0.698951742	0.698951742	0.0135191322	0.3215597892	0.3215597892	0.0068755262
0.724	0.6991736142	0.6991736142	0.0144156046	0.3220170114	0.3220170114	0.0073370421
0.728	0.6993954385	0.6993954385	0.015320372	0.3225042261	0.3225042261	0.0078028283
0.732	0.6996160038	0.6996160038	0.0162335111	0.3230034111	0.3230034111	0.0082729243
0.736	0.6998345285	0.6998345285	0.0171550993	0.3234979758	0.3234979758	0.0087473701
0.74	0.7000510324	0.7000510324	0.018085215	0.323987968	0.323987968	0.0092262059
0.744	0.700265536	0.700265536	0.0190239368	0.3244734405	0.3244734405	0.0097094723
0.748	0.7004780604	0.7004780604	0.0199713446	0.3249544317	0.3249544317	0.0101972104
0.752	0.7006882792	0.7006882792	0.0209275186	0.3254311098	0.3254311098	0.0106894614
0.756	0.7008894053	0.7008894053	0.02189254	0.3258995264	0.3258995264	0.0111862671
0.76	0.701064768	0.701064768	0.0228664906	0.3263623336	0.3263623336	0.0116876697
0.764	0.7012385274	0.7012385274	0.0238494531	0.3268190042	0.3268190042	0.0121937118
0.768	0.7014107031	0.7014107031	0.0248415108	0.3272715552	0.3272715552	0.0127044362
0.772	0.701581315	0.701581315	0.0258427479	0.3277199927	0.3277199927	0.0132198863
0.776	0.7017503829	0.7017503829	0.0268532493	0.3281643618	0.3281643618	0.0137401057
0.78	0.701917927	0.701917927	0.0278731008	0.3286047148	0.3286047148	0.0142651387
0.784	0.7020839672	0.7020839672	0.0289023889	0.3290359995	0.3290359995	0.0147950298
0.788	0.7021732171	0.7021732171	0.0300432972	0.329367002	0.329367002	0.0153839109
0.792	0.7022372243	0.7022372243	0.0312434248	0.3296542378	0.3296542378	0.0160040206
0.796	0.7023002376	0.7023002376	0.0324546571	0.3299380101	0.3299380101	0.0166298681
0.8	0.7023626919	0.7023626919	0.0336770968	0.3302194367	0.3302194367	0.0172615065
0.804	0.7024245955	0.7024245955	0.0349108476	0.3304985562	0.3304985562	0.0178989893
0.808	0.7024859563	0.7024859563	0.0361560141	0.3307751266	0.3307751266	0.0185423707
0.812	0.7025467823	0.7025467823	0.0374127021	0.3310493174	0.3310493174	0.0191917053
0.816	0.7026064342	0.7026064342	0.038681018	0.3313316018	0.3313316018	0.0198470481
0.82	0.7026636534	0.7026636534	0.0399610695	0.3316375349	0.3316375349	0.0205084547
0.824	0.702720381	0.702720381	0.0412529652	0.3319417644	0.3319417644	0.0211759812
0.828	0.7027766245	0.7027766245	0.0425568146	0.3322436364	0.3322436364	0.0218496842
0.832	0.7028323914	0.7028323914	0.0438727284	0.332542857	0.332542857	0.0225296209
0.836	0.702887541	0.702887541	0.0452008182	0.3328386557	0.3328386557	0.0232158491
0.84	0.7029422121	0.7029422121	0.0465411967	0.3331319069	0.3331319069	0.0239084268
0.844	0.7029964285	0.7029964285	0.0478939775	0.3334231855	0.3334231855	0.0246074128
0.848	0.7030333643	0.7030333643	0.0492592755	0.3337264257	0.3337264257	0.0253128665
0.852	0.703064323	0.703064323	0.0506280226	0.3340315959	0.3340315959	0.0260214169
0.856	0.7030950296	0.7030950296	0.0519716163	0.3343346573	0.3343346573	0.0267223956
0.86	0.7031254789	0.7031254789	0.0533276422	0.3346350516	0.3346350516	0.0274298604
0.864	0.7031555891	0.7031555891	0.0546962153	0.3349320551	0.3349320551	0.0281438713
0.868	0.7031854599	0.7031854599	0.0560774516	0.3352266616	0.3352266616	0.0288644889
0.872	0.7032150682	0.7032150682	0.0574714683	0.3355188947	0.3355188947	0.0295917742
0.876	0.7032355078	0.7032355078	0.0588783838	0.3358099549	0.3358099549	0.0303257891
0.88	0.7032363809	0.7032363809	0.0602983172	0.3361041049	0.3361041049	0.0310665957
0.884	0.7032358158	0.7032358158	0.0617313891	0.3363953349	0.3363953349	0.0318142568
0.888	0.7032352557	0.7032352557	0.0631777211	0.3366841332	0.3366841332	0.0325688361
0.892	0.7032347004	0.7032347004	0.0646374358	0.3369704439	0.3369704439	0.0333303973
0.896	0.7032341509	0.7032341509	0.0661106571	0.3372536753	0.3372536753	0.0340990052
0.9	0.7032336055	0.7032336055	0.0675975099	0.337535005	0.337535005	0.0348747249
0.904	0.7032335199	0.7032335199	0.0690981204	0.3378146071	0.3378146071	0.0356576223
0.908	0.7032400181	0.7032400181	0.0706126159	0.3381240862	0.3381240862	0.0364477637
0.912	0.7032493833	0.7032493833	0.0721319083	0.3384433302	0.3384433302	0.0372481425
0.916	0.7032586803	0.7032586803	0.0736641078	0.3387603258	0.3387603258	0.0380562925
0.92	0.7032678745	0.7032678745	0.0752104846	0.3390737329	0.3390737329	0.0388719201
0.924	0.703277	0.703277	0.0767711699	0.3393849128	0.3393849128	0.0396950946
0.928	0.7032860286	0.7032860286	0.078346296	0.3396926731	0.3396926731	0.0405258859
0.932	0.7032949838	0.7032949838	0.0799359966	0.3399979668	0.3399979668	0.0413643644
0.936	0.7032958553	0.7032958553	0.0815404065	0.3403032942	0.3403032942	0.0422106013
0.94	0.7032799068	0.7032799068	0.0831596618	0.3406120768	0.3406120768	0.0430646683
0.944	0.7032626676	0.7032626676	0.0847938999	0.3409188389	0.3409188389	0.0439266378
0.948	0.703245612	0.703245612	0.0864432594	0.3412222401	0.3412222401	0.0447965831
0.952	0.7032286969	0.7032286969	0.0881078803	0.3415231963	0.3415231963	0.0456745779
0.956	0.7032119341	0.7032119341	0.0897879037	0.3418214816	0.3418214816	0.0465606966
0.96	0.7031953395	0.7031953395	0.0914674706	0.3421167198	0.3421167198	0.0474471835
0.964	0.7031774643	0.7031774643	0.0931144523	0.3424097633	0.3424097633	0.0483183201
0.968	0.7031406325	0.7031406325	0.0947766733	0.3426989449	0.3426989449	0.0491975173
0.972	0.7030954832	0.7030954832	0.0964542747	0.3429851113	0.3429851113	0.0500848496
0.976	0.7030507258	0.7030507258	0.0981473987	0.3432688212	0.3432688212	0.0509803923
0.98	0.7030063617	0.7030063617	0.0998561891	0.3435500599	0.3435500599	0.0518842213
0.984	0.7029624028	0.7029624028	0.1015807906	0.3438287331	0.3438287331	0.0527964134
0.988	0.70291888	0.70291888	0.1033213497	0.3441046009	0.3441046009	0.0537170459
0.992	0.7028757439	0.7028757439	0.105078014	0.344378034	0.344378034	0.0546461969
0.996	0.7028168477	0.7028168477	0.1068509326	0.3446065706	0.3446065706	0.0555839452
1	0.7027100927	0.7027100927	0.1086402557	0.3447060435	0.3447060435	0.0565303704

