#GLoBES upto 10GeV
#log10E	nue/E	numu/E	numtau/E	nuebar/E	numubar/E	nutaubar/E
-1	0.1551836411	0.1551836411	0.1551836411	0.0204663633	0.0204663633	0.0204663633
-0.996	0.1563339935	0.1563339935	0.1563339935	0.0206473051	0.0206473051	0.0206473051
-0.992	0.15749499	0.15749499	0.15749499	0.020829921	0.020829921	0.020829921
-0.988	0.1586667291	0.1586667291	0.1586667291	0.0210142267	0.0210142267	0.0210142267
-0.984	0.1598493101	0.1598493101	0.1598493101	0.0212002378	0.0212002378	0.0212002378
-0.98	0.1610428334	0.1610428334	0.1610428334	0.02138797	0.02138797	0.02138797
-0.976	0.1622474002	0.1622474002	0.1622474002	0.0215774393	0.0215774393	0.0215774393
-0.972	0.1634631128	0.1634631128	0.1634631128	0.0217686617	0.0217686617	0.0217686617
-0.968	0.1646900742	0.1646900742	0.1646900742	0.0219616534	0.0219616534	0.0219616534
-0.964	0.1659283886	0.1659283886	0.1659283886	0.0221564309	0.0221564309	0.0221564309
-0.96	0.1671781609	0.1671781609	0.1671781609	0.0223530106	0.0223530106	0.0223530106
-0.956	0.1684394973	0.1684394973	0.1684394973	0.0225514093	0.0225514093	0.0225514093
-0.952	0.1697125046	0.1697125046	0.1697125046	0.0227516438	0.0227516438	0.0227516438
-0.948	0.1709972909	0.1709972909	0.1709972909	0.0229537309	0.0229537309	0.0229537309
-0.944	0.1722939652	0.1722939652	0.1722939652	0.023157688	0.023157688	0.023157688
-0.94	0.1736026375	0.1736026375	0.1736026375	0.0233635323	0.0233635323	0.0233635323
-0.936	0.1749234188	0.1749234188	0.1749234188	0.0235712812	0.0235712812	0.0235712812
-0.932	0.1762564211	0.1762564211	0.1762564211	0.0237809524	0.0237809524	0.0237809524
-0.928	0.1776017576	0.1776017576	0.1776017576	0.0239925636	0.0239925636	0.0239925636
-0.924	0.1789595423	0.1789595423	0.1789595423	0.0242061329	0.0242061329	0.0242061329
-0.92	0.1803298904	0.1803298904	0.1803298904	0.0244216783	0.0244216783	0.0244216783
-0.916	0.1817129182	0.1817129182	0.1817129182	0.0246392181	0.0246392181	0.0246392181
-0.912	0.183108743	0.183108743	0.183108743	0.0248587708	0.0248587708	0.0248587708
-0.908	0.1845174832	0.1845174832	0.1845174832	0.025080355	0.025080355	0.025080355
-0.904	0.1859392583	0.1859392583	0.1859392583	0.0253039895	0.0253039895	0.0253039895
-0.9	0.1873741889	0.1873741889	0.1873741889	0.0255296932	0.0255296932	0.0255296932
-0.896	0.1888223968	0.1888223968	0.1888223968	0.0257574854	0.0257574854	0.0257574854
-0.892	0.1902840048	0.1902840048	0.1902840048	0.0259873853	0.0259873853	0.0259873853
-0.888	0.1917591369	0.1917591369	0.1917591369	0.0262194124	0.0262194124	0.0262194124
-0.884	0.1932479182	0.1932479182	0.1932479182	0.0264535864	0.0264535864	0.0264535864
-0.88	0.194750475	0.194750475	0.194750475	0.0266899273	0.0266899273	0.0266899273
-0.876	0.1962669348	0.1962669348	0.1962669348	0.026928455	0.026928455	0.026928455
-0.872	0.1977974263	0.1977974263	0.1977974263	0.0271691897	0.0271691897	0.0271691897
-0.868	0.1993420792	0.1993420792	0.1993420792	0.0274121519	0.0274121519	0.0274121519
-0.864	0.2009010246	0.2009010246	0.2009010246	0.0276573623	0.0276573623	0.0276573623
-0.86	0.2024743947	0.2024743947	0.2024743947	0.0279048415	0.0279048415	0.0279048415
-0.856	0.2040623231	0.2040623231	0.2040623231	0.0281546106	0.0281546106	0.0281546106
-0.852	0.2056649444	0.2056649444	0.2056649444	0.0284066908	0.0284066908	0.0284066908
-0.848	0.2072823946	0.2072823946	0.2072823946	0.0286611035	0.0286611035	0.0286611035
-0.844	0.2089148108	0.2089148108	0.2089148108	0.0289178703	0.0289178703	0.0289178703
-0.84	0.2105623316	0.2105623316	0.2105623316	0.0291770128	0.0291770128	0.0291770128
-0.836	0.2122250967	0.2122250967	0.2122250967	0.0294385532	0.0294385532	0.0294385532
-0.832	0.2139032472	0.2139032472	0.2139032472	0.0297025136	0.0297025136	0.0297025136
-0.828	0.2155969255	0.2155969255	0.2155969255	0.0299689164	0.0299689164	0.0299689164
-0.824	0.2172998156	0.2172998156	0.2172998156	0.0302375381	0.0302375381	0.0302375381
-0.82	0.2185400404	0.2185400404	0.2185400404	0.0304904217	0.0304904217	0.0304904217
-0.816	0.2197917409	0.2197917409	0.2197917409	0.0307456451	0.0307456451	0.0307456451
-0.812	0.2210550232	0.2210550232	0.2210550232	0.0310032301	0.0310032301	0.0310032301
-0.808	0.2223299944	0.2223299944	0.2223299944	0.0312631984	0.0312631984	0.0312631984
-0.804	0.2236167629	0.2236167629	0.2236167629	0.0315255723	0.0315255723	0.0315255723
-0.8	0.2249154377	0.2249154377	0.2249154377	0.0317903738	0.0317903738	0.0317903738
-0.796	0.2262261289	0.2262261289	0.2262261289	0.0320576256	0.0320576256	0.0320576256
-0.792	0.2275489479	0.2275489479	0.2275489479	0.0323273501	0.0323273501	0.0323273501
-0.788	0.2288840067	0.2288840067	0.2288840067	0.0325995704	0.0325995704	0.0325995704
-0.784	0.2302314187	0.2302314187	0.2302314187	0.0328743096	0.0328743096	0.0328743096
-0.78	0.2315912982	0.2315912982	0.2315912982	0.0331515909	0.0331515909	0.0331515909
-0.776	0.2329637604	0.2329637604	0.2329637604	0.0334314378	0.0334314378	0.0334314378
-0.772	0.2343489219	0.2343489219	0.2343489219	0.0337138741	0.0337138741	0.0337138741
-0.768	0.2357469001	0.2357469001	0.2357469001	0.0339989237	0.0339989237	0.0339989237
-0.764	0.2371578137	0.2371578137	0.2371578137	0.0342866109	0.0342866109	0.0342866109
-0.76	0.2385817822	0.2385817822	0.2385817822	0.0345769601	0.0345769601	0.0345769601
-0.756	0.2400189266	0.2400189266	0.2400189266	0.0348699958	0.0348699958	0.0348699958
-0.752	0.2414693688	0.2414693688	0.2414693688	0.0351657429	0.0351657429	0.0351657429
-0.748	0.2429332317	0.2429332317	0.2429332317	0.0354642265	0.0354642265	0.0354642265
-0.744	0.2444106395	0.2444106395	0.2444106395	0.035765472	0.035765472	0.035765472
-0.74	0.2459017177	0.2459017177	0.2459017177	0.0360695049	0.0360695049	0.0360695049
-0.736	0.2474065926	0.2474065926	0.2474065926	0.0363763509	0.0363763509	0.0363763509
-0.732	0.248925392	0.248925392	0.248925392	0.0366860362	0.0366860362	0.0366860362
-0.728	0.2504582446	0.2504582446	0.2504582446	0.0369985869	0.0369985869	0.0369985869
-0.724	0.2520052806	0.2520052806	0.2520052806	0.0373140296	0.0373140296	0.0373140296
-0.72	0.2535666311	0.2535666311	0.2535666311	0.0376323911	0.0376323911	0.0376323911
-0.716	0.2551424286	0.2551424286	0.2551424286	0.0379536984	0.0379536984	0.0379536984
-0.712	0.2567328067	0.2567328067	0.2567328067	0.0382779786	0.0382779786	0.0382779786
-0.708	0.2583379005	0.2583379005	0.2583379005	0.0386052594	0.0386052594	0.0386052594
-0.704	0.259957846	0.259957846	0.259957846	0.0389355685	0.0389355685	0.0389355685
-0.7	0.2615927807	0.2615927807	0.2615927807	0.0392689339	0.0392689339	0.0392689339
-0.696	0.2627701134	0.2627701134	0.2627701134	0.039589451	0.039589451	0.039589451
-0.692	0.2638372292	0.2638372292	0.2638372292	0.0399088518	0.0399088518	0.0399088518
-0.688	0.2649142189	0.2649142189	0.2649142189	0.040231208	0.040231208	0.040231208
-0.684	0.2660011739	0.2660011739	0.2660011739	0.0405565469	0.0405565469	0.0405565469
-0.68	0.2670981863	0.2670981863	0.2670981863	0.0408848962	0.0408848962	0.0408848962
-0.676	0.2682053493	0.2682053493	0.2682053493	0.0412162836	0.0412162836	0.0412162836
-0.672	0.2693227567	0.2693227567	0.2693227567	0.0415507373	0.0415507373	0.0415507373
-0.668	0.2704505034	0.2704505034	0.2704505034	0.0418882857	0.0418882857	0.0418882857
-0.664	0.2715886849	0.2715886849	0.2715886849	0.0422289574	0.0422289574	0.0422289574
-0.66	0.272737398	0.272737398	0.272737398	0.0425727813	0.0425727813	0.0425727813
-0.656	0.2738967399	0.2738967399	0.2738967399	0.0429197865	0.0429197865	0.0429197865
-0.652	0.2750668091	0.2750668091	0.2750668091	0.0432700026	0.0432700026	0.0432700026
-0.648	0.2762477048	0.2762477048	0.2762477048	0.0436234591	0.0436234591	0.0436234591
-0.644	0.2774395273	0.2774395273	0.2774395273	0.0439801861	0.0439801861	0.0439801861
-0.64	0.2786423775	0.2786423775	0.2786423775	0.0443402139	0.0443402139	0.0443402139
-0.636	0.2798563575	0.2798563575	0.2798563575	0.044703573	0.044703573	0.044703573
-0.632	0.2810815704	0.2810815704	0.2810815704	0.0450702942	0.0450702942	0.0450702942
-0.628	0.28231812	0.28231812	0.28231812	0.0454404087	0.0454404087	0.0454404087
-0.624	0.2835661113	0.2835661113	0.2835661113	0.0458139478	0.0458139478	0.0458139478
-0.62	0.2848256501	0.2848256501	0.2848256501	0.0461909431	0.0461909431	0.0461909431
-0.616	0.2860968432	0.2860968432	0.2860968432	0.0465714268	0.0465714268	0.0465714268
-0.612	0.2873797986	0.2873797986	0.2873797986	0.0469554311	0.0469554311	0.0469554311
-0.608	0.288674625	0.288674625	0.288674625	0.0473429885	0.0473429885	0.0473429885
-0.604	0.2899814323	0.2899814323	0.2899814323	0.0477341319	0.0477341319	0.0477341319
-0.6	0.2909441781	0.2909441781	0.2909441781	0.048093998	0.048093998	0.048093998
-0.596	0.2916569096	0.2916569096	0.2916569096	0.0484318242	0.0484318242	0.0484318242
-0.592	0.2923762358	0.2923762358	0.2923762358	0.0487727764	0.0487727764	0.0487727764
-0.588	0.2931022179	0.2931022179	0.2931022179	0.0491168833	0.0491168833	0.0491168833
-0.584	0.2938349175	0.2938349175	0.2938349175	0.0494641741	0.0494641741	0.0494641741
-0.58	0.2945743966	0.2945743966	0.2945743966	0.0498146785	0.0498146785	0.0498146785
-0.576	0.295320718	0.295320718	0.295320718	0.050168426	0.050168426	0.050168426
-0.572	0.2960739451	0.2960739451	0.2960739451	0.0505254467	0.0505254467	0.0505254467
-0.568	0.2968341417	0.2968341417	0.2968341417	0.0508857708	0.0508857708	0.0508857708
-0.564	0.2976013723	0.2976013723	0.2976013723	0.051249429	0.051249429	0.051249429
-0.56	0.298375702	0.298375702	0.298375702	0.0516164521	0.0516164521	0.0516164521
-0.556	0.2991571964	0.2991571964	0.2991571964	0.0519868712	0.0519868712	0.0519868712
-0.552	0.299945922	0.299945922	0.299945922	0.0523607178	0.0523607178	0.0523607178
-0.548	0.3007419456	0.3007419456	0.3007419456	0.0527380235	0.0527380235	0.0527380235
-0.544	0.3015453346	0.3015453346	0.3015453346	0.0531188204	0.0531188204	0.0531188204
-0.54	0.3023561574	0.3023561574	0.3023561574	0.0535031407	0.0535031407	0.0535031407
-0.536	0.3031744825	0.3031744825	0.3031744825	0.0538910172	0.0538910172	0.0538910172
-0.532	0.3040003796	0.3040003796	0.3040003796	0.0542824826	0.0542824826	0.0542824826
-0.528	0.3048339186	0.3048339186	0.3048339186	0.0546775701	0.0546775701	0.0546775701
-0.524	0.3056751702	0.3056751702	0.3056751702	0.0550763134	0.0550763134	0.0550763134
-0.52	0.3060857406	0.3060857406	0.3060857406	0.0554201319	0.0554201319	0.0554201319
-0.516	0.3063844914	0.3063844914	0.3063844914	0.0557516757	0.0557516757	0.0557516757
-0.512	0.3066860065	0.3066860065	0.3066860065	0.0560862872	0.0560862872	0.0560862872
-0.508	0.3069903115	0.3069903115	0.3069903115	0.0564239948	0.0564239948	0.0564239948
-0.504	0.3072974323	0.3072974323	0.3072974323	0.0567648273	0.0567648273	0.0567648273
-0.5	0.3076073947	0.3076073947	0.3076073947	0.0571088134	0.0571088134	0.0571088134
-0.496	0.3079202252	0.3079202252	0.3079202252	0.0574559823	0.0574559823	0.0574559823
-0.492	0.3082359503	0.3082359503	0.3082359503	0.0578063636	0.0578063636	0.0578063636
-0.488	0.3085545968	0.3085545968	0.3085545968	0.058159987	0.058159987	0.058159987
-0.484	0.3088761916	0.3088761916	0.3088761916	0.0585168823	0.0585168823	0.0585168823
-0.48	0.3092007622	0.3092007622	0.3092007622	0.05887708	0.05887708	0.05887708
-0.476	0.3095283359	0.3095283359	0.3095283359	0.0592406105	0.0592406105	0.0592406105
-0.472	0.3098589407	0.3098589407	0.3098589407	0.0596075048	0.0596075048	0.0596075048
-0.468	0.3101926045	0.3101926045	0.3101926045	0.0599777938	0.0599777938	0.0599777938
-0.464	0.3105293557	0.3105293557	0.3105293557	0.0603515092	0.0603515092	0.0603515092
-0.46	0.3108692227	0.3108692227	0.3108692227	0.0607286824	0.0607286824	0.0607286824
-0.456	0.311250989	0.311250989	0.311250989	0.0611271603	0.0611271603	0.0611271603
-0.452	0.3122401468	0.3122401468	0.3122401468	0.0618069071	0.0618069071	0.0618069071
-0.448	0.3132384572	0.3132384572	0.3132384572	0.0624929435	0.0624929435	0.0624929435
-0.444	0.3142460049	0.3142460049	0.3142460049	0.0631853277	0.0631853277	0.0631853277
-0.44	0.3152628752	0.3152628752	0.3152628752	0.0638841185	0.0638841185	0.0638841185
-0.436	0.3162891546	0.3162891546	0.3162891546	0.0645893751	0.0645893751	0.0645893751
-0.432	0.31732493	0.31732493	0.31732493	0.0653011574	0.0653011574	0.0653011574
-0.428	0.3183702893	0.3183702893	0.3183702893	0.0660195257	0.0660195257	0.0660195257
-0.424	0.3194253212	0.3194253212	0.3194253212	0.066744541	0.066744541	0.066744541
-0.42	0.3204901152	0.3204901152	0.3204901152	0.0674762647	0.0674762647	0.0674762647
-0.416	0.3215647616	0.3215647616	0.3215647616	0.0682147591	0.0682147591	0.0682147591
-0.412	0.3226493516	0.3226493516	0.3226493516	0.0689600866	0.0689600866	0.0689600866
-0.408	0.3237439772	0.3237439772	0.3237439772	0.0697123106	0.0697123106	0.0697123106
-0.404	0.3248487312	0.3248487312	0.3248487312	0.0704714948	0.0704714948	0.0704714948
-0.4	0.3259637074	0.3259637074	0.3259637074	0.0712377036	0.0712377036	0.0712377036
-0.396	0.3267547609	0.3267547609	0.3267547609	0.0719032099	0.0719032099	0.0719032099
-0.392	0.3272961464	0.3272961464	0.3272961464	0.0724919954	0.0724919954	0.0724919954
-0.388	0.3278425413	0.3278425413	0.3278425413	0.0730862289	0.0730862289	0.0730862289
-0.384	0.3283939919	0.3283939919	0.3283939919	0.0736859608	0.0736859608	0.0736859608
-0.38	0.328950545	0.328950545	0.328950545	0.0742912419	0.0742912419	0.0742912419
-0.376	0.3295122479	0.3295122479	0.3295122479	0.0749021237	0.0749021237	0.0749021237
-0.372	0.3300791481	0.3300791481	0.3300791481	0.0755186578	0.0755186578	0.0755186578
-0.368	0.3306512937	0.3306512937	0.3306512937	0.0761408967	0.0761408967	0.0761408967
-0.364	0.3312287334	0.3312287334	0.3312287334	0.0767688931	0.0767688931	0.0767688931
-0.36	0.3318115161	0.3318115161	0.3318115161	0.0774027002	0.0774027002	0.0774027002
-0.356	0.3323996911	0.3323996911	0.3323996911	0.0780423719	0.0780423719	0.0780423719
-0.352	0.3329933085	0.3329933085	0.3329933085	0.0786879624	0.0786879624	0.0786879624
-0.348	0.3335924186	0.3335924186	0.3335924186	0.0793395265	0.0793395265	0.0793395265
-0.344	0.3339069228	0.3339069228	0.3339069228	0.0799074554	0.0799074554	0.0799074554
-0.34	0.3341427685	0.3341427685	0.3341427685	0.0804554322	0.0804554322	0.0804554322
-0.336	0.3343807964	0.3343807964	0.3343807964	0.0810084794	0.0810084794	0.0810084794
-0.332	0.3346210268	0.3346210268	0.3346210268	0.0815666439	0.0815666439	0.0815666439
-0.328	0.33486348	0.33486348	0.33486348	0.0821299731	0.0821299731	0.0821299731
-0.324	0.3351081766	0.3351081766	0.3351081766	0.0826985146	0.0826985146	0.0826985146
-0.32	0.3353551373	0.3353551373	0.3353551373	0.0832723168	0.0832723168	0.0832723168
-0.316	0.3356043832	0.3356043832	0.3356043832	0.0838514284	0.0838514284	0.0838514284
-0.312	0.3358559353	0.3358559353	0.3358559353	0.0844358984	0.0844358984	0.0844358984
-0.308	0.3361098149	0.3361098149	0.3361098149	0.0850257764	0.0850257764	0.0850257764
-0.304	0.3363660437	0.3363660437	0.3363660437	0.0856211125	0.0856211125	0.0856211125
-0.3	0.3366091768	0.3366091768	0.3366091768	0.0862103072	0.0862103072	0.0862103072
-0.296	0.3368249803	0.3368249803	0.3368249803	0.0867826737	0.0867826737	0.0867826737
-0.292	0.3370427807	0.3370427807	0.3370427807	0.0873603362	0.0873603362	0.0873603362
-0.288	0.3372625964	0.3372625964	0.3372625964	0.0879433437	0.0879433437	0.0879433437
-0.284	0.337484446	0.337484446	0.337484446	0.0885317458	0.0885317458	0.0885317458
-0.28	0.3377083484	0.3377083484	0.3377083484	0.0891255923	0.0891255923	0.0891255923
-0.276	0.3379343225	0.3379343225	0.3379343225	0.0897249336	0.0897249336	0.0897249336
-0.272	0.3381623875	0.3381623875	0.3381623875	0.0903298205	0.0903298205	0.0903298205
-0.268	0.3383925627	0.3383925627	0.3383925627	0.0909403044	0.0909403044	0.0909403044
-0.264	0.3386248678	0.3386248678	0.3386248678	0.091556437	0.091556437	0.091556437
-0.26	0.3388593223	0.3388593223	0.3388593223	0.0921782706	0.0921782706	0.0921782706
-0.256	0.3388415011	0.3388415011	0.3388415011	0.0927115136	0.0927115136	0.0927115136
-0.252	0.3388230532	0.3388230532	0.3388230532	0.0932495195	0.0932495195	0.0932495195
-0.248	0.3388044346	0.3388044346	0.3388044346	0.0937925034	0.0937925034	0.0937925034
-0.244	0.3387856438	0.3387856438	0.3387856438	0.0943405116	0.0943405116	0.0943405116
-0.24	0.3387666791	0.3387666791	0.3387666791	0.0948935904	0.0948935904	0.0948935904
-0.236	0.3387475389	0.3387475389	0.3387475389	0.0954517867	0.0954517867	0.0954517867
-0.232	0.3387282216	0.3387282216	0.3387282216	0.096015148	0.096015148	0.096015148
-0.228	0.3387087256	0.3387087256	0.3387087256	0.096583722	0.096583722	0.096583722
-0.224	0.3386890491	0.3386890491	0.3386890491	0.097157557	0.097157557	0.097157557
-0.22	0.3385872221	0.3385872221	0.3385872221	0.0977008047	0.0977008047	0.0977008047
-0.216	0.3384178105	0.3384178105	0.3384178105	0.098219894	0.098219894	0.098219894
-0.212	0.3382468313	0.3382468313	0.3382468313	0.0987437864	0.0987437864	0.0987437864
-0.208	0.3380742701	0.3380742701	0.3380742701	0.0992725262	0.0992725262	0.0992725262
-0.204	0.3379001121	0.3379001121	0.3379001121	0.0998061585	0.0998061585	0.0998061585
-0.2	0.3377243428	0.3377243428	0.3377243428	0.1003447284	0.1003447284	0.1003447284
-0.196	0.337546947	0.337546947	0.337546947	0.1008882816	0.1008882816	0.1008882816
-0.192	0.3373679098	0.3373679098	0.3373679098	0.1014368642	0.1014368642	0.1014368642
-0.188	0.337187216	0.337187216	0.337187216	0.1019905228	0.1019905228	0.1019905228
-0.184	0.3369149892	0.3369149892	0.3369149892	0.1024872909	0.1024872909	0.1024872909
-0.18	0.3366259814	0.3366259814	0.3366259814	0.1029788132	0.1029788132	0.1029788132
-0.176	0.3363342994	0.3363342994	0.3363342994	0.1034748834	0.1034748834	0.1034748834
-0.172	0.3360399186	0.3360399186	0.3360399186	0.1039755437	0.1039755437	0.1039755437
-0.168	0.3357428139	0.3357428139	0.3357428139	0.1044808366	0.1044808366	0.1044808366
-0.164	0.33544296	0.33544296	0.33544296	0.1049908049	0.1049908049	0.1049908049
-0.16	0.3351403317	0.3351403317	0.3351403317	0.1055054919	0.1055054919	0.1055054919
-0.156	0.3348349032	0.3348349032	0.3348349032	0.1060249412	0.1060249412	0.1060249412
-0.152	0.3344749997	0.3344749997	0.3344749997	0.1064941237	0.1064941237	0.1064941237
-0.148	0.3341002674	0.3341002674	0.3341002674	0.1069553865	0.1069553865	0.1069553865
-0.144	0.3337220677	0.3337220677	0.3337220677	0.1074209173	0.1074209173	0.1074209173
-0.14	0.3333403686	0.3333403686	0.3333403686	0.1078907556	0.1078907556	0.1078907556
-0.136	0.3329551377	0.3329551377	0.3329551377	0.1083649413	0.1083649413	0.1083649413
-0.132	0.3325663423	0.3325663423	0.3325663423	0.1088435146	0.1088435146	0.1088435146
-0.128	0.3321739494	0.3321739494	0.3321739494	0.109326516	0.109326516	0.109326516
-0.124	0.3317558434	0.3317558434	0.3317558434	0.1097935269	0.1097935269	0.1097935269
-0.12	0.3312885873	0.3312885873	0.3312885873	0.1102229047	0.1102229047	0.1102229047
-0.116	0.3308170077	0.3308170077	0.3308170077	0.1106562555	0.1106562555	0.1106562555
-0.112	0.3303410646	0.3303410646	0.3303410646	0.111093616	0.111093616	0.111093616
-0.108	0.3298607177	0.3298607177	0.3298607177	0.1115350234	0.1115350234	0.1115350234
-0.104	0.3293759262	0.3293759262	0.3293759262	0.111980515	0.111980515	0.111980515
-0.1	0.328886649	0.328886649	0.328886649	0.1124301288	0.1124301288	0.1124301288
-0.096	0.328391031	0.328391031	0.328391031	0.1128669596	0.1128669596	0.1128669596
-0.092	0.3278870005	0.3278870005	0.3278870005	0.1132720818	0.1132720818	0.1132720818
-0.088	0.3273783063	0.3273783063	0.3273783063	0.1136809525	0.1136809525	0.1136809525
-0.084	0.3268649052	0.3268649052	0.3268649052	0.1140936065	0.1140936065	0.1140936065
-0.08	0.3263467537	0.3263467537	0.3263467537	0.1145100788	0.1145100788	0.1145100788
-0.076	0.3258238077	0.3258238077	0.3258238077	0.1149304046	0.1149304046	0.1149304046
-0.072	0.325296023	0.325296023	0.325296023	0.1153546196	0.1153546196	0.1153546196
-0.068	0.3247762232	0.3247762232	0.3247762232	0.1157522368	0.1157522368	0.1157522368
-0.064	0.3242561298	0.3242561298	0.3242561298	0.1161428214	0.1161428214	0.1161428214
-0.06	0.323731224	0.323731224	0.323731224	0.1165370201	0.1165370201	0.1165370201
-0.056	0.3232014613	0.3232014613	0.3232014613	0.1169348662	0.1169348662	0.1169348662
-0.052	0.3226667968	0.3226667968	0.3226667968	0.1173363935	0.1173363935	0.1173363935
-0.048	0.3221271851	0.3221271851	0.3221271851	0.1177416362	0.1177416362	0.1177416362
-0.044	0.3215846157	0.3215846157	0.3215846157	0.1181302493	0.1181302493	0.1181302493
-0.04	0.3210387966	0.3210387966	0.3210387966	0.1185047297	0.1185047297	0.1185047297
-0.036	0.320487927	0.320487927	0.320487927	0.1188826751	0.1188826751	0.1188826751
-0.032	0.3199319603	0.3199319603	0.3199319603	0.1192641177	0.1192641177	0.1192641177
-0.028	0.3193708494	0.3193708494	0.3193708494	0.1196490897	0.1196490897	0.1196490897
-0.024	0.3188045465	0.3188045465	0.3188045465	0.1200376237	0.1200376237	0.1200376237
-0.02	0.3182566247	0.3182566247	0.3182566247	0.1203996902	0.1203996902	0.1203996902
-0.016	0.3177155184	0.3177155184	0.3177155184	0.1207499803	0.1207499803	0.1207499803
-0.012	0.3171694052	0.3171694052	0.3171694052	0.1211035116	0.1211035116	0.1211035116
-0.008	0.316618239	0.316618239	0.316618239	0.1214603141	0.1214603141	0.1214603141
-0.004	0.3160619728	0.3160619728	0.3160619728	0.1218204181	0.1218204181	0.1218204181
0	0.3155029733	0.3155029733	0.3155029733	0.1221800495	0.1221800495	0.1221800495
0.004	0.3149611808	0.3149611808	0.3149611808	0.1225077338	0.1225077338	0.1225077338
0.008	0.3144143752	0.3144143752	0.3144143752	0.1228384502	0.1228384502	0.1228384502
0.012	0.31386251	0.31386251	0.31386251	0.1231722267	0.1231722267	0.1231722267
0.016	0.3133055384	0.3133055384	0.3133055384	0.1235090915	0.1235090915	0.1235090915
0.02	0.3127434133	0.3127434133	0.3127434133	0.1238490733	0.1238490733	0.1238490733
0.024	0.312204553	0.312204553	0.312204553	0.1241736441	0.1241736441	0.1241736441
0.028	0.3116678136	0.3116678136	0.3116678136	0.1244965851	0.1244965851	0.1244965851
0.032	0.3111261077	0.3111261077	0.3111261077	0.1248225142	0.1248225142	0.1248225142
0.036	0.3105793896	0.3105793896	0.3105793896	0.1251514592	0.1251514592	0.1251514592
0.04	0.3100276127	0.3100276127	0.3100276127	0.1254834478	0.1254834478	0.1254834478
0.044	0.3094960344	0.3094960344	0.3094960344	0.1258130547	0.1258130547	0.1258130547
0.048	0.3089679852	0.3089679852	0.3089679852	0.1261438908	0.1261438908	0.1261438908
0.052	0.3084350499	0.3084350499	0.3084350499	0.1264777882	0.1264777882	0.1264777882
0.056	0.3078971835	0.3078971835	0.3078971835	0.126814775	0.126814775	0.126814775
0.06	0.3073543402	0.3073543402	0.3073543402	0.1271548799	0.1271548799	0.1271548799
0.064	0.3068239841	0.3068239841	0.3068239841	0.1274770861	0.1274770861	0.1274770861
0.068	0.3062901528	0.3062901528	0.3062901528	0.1278005523	0.1278005523	0.1278005523
0.072	0.3057513819	0.3057513819	0.3057513819	0.1281270115	0.1281270115	0.1281270115
0.076	0.3052076259	0.3052076259	0.3052076259	0.1284564915	0.1284564915	0.1284564915
0.08	0.3046698914	0.3046698914	0.3046698914	0.1287817387	0.1287817387	0.1287817387
0.084	0.3041525721	0.3041525721	0.3041525721	0.1290932684	0.1290932684	0.1290932684
0.088	0.303630466	0.303630466	0.303630466	0.1294076807	0.1294076807	0.1294076807
0.092	0.303103529	0.303103529	0.303103529	0.1297250023	0.1297250023	0.1297250023
0.096	0.3025717163	0.3025717163	0.3025717163	0.1300452599	0.1300452599	0.1300452599
0.1	0.302082063	0.302082063	0.302082063	0.1303541692	0.1303541692	0.1303541692
0.104	0.3015947949	0.3015947949	0.3015947949	0.1306638343	0.1306638343	0.1306638343
0.108	0.3011030183	0.3011030183	0.3011030183	0.1309763648	0.1309763648	0.1309763648
0.112	0.3006066913	0.3006066913	0.3006066913	0.1312917871	0.1312917871	0.1312917871
0.116	0.300129307	0.300129307	0.300129307	0.1315975705	0.1315975705	0.1315975705
0.12	0.2996623426	0.2996623426	0.2996623426	0.1318982668	0.1318982668	0.1318982668
0.124	0.2991910575	0.2991910575	0.2991910575	0.1322017454	0.1322017454	0.1322017454
0.128	0.2987154116	0.2987154116	0.2987154116	0.1325080321	0.1325080321	0.1325080321
0.132	0.2982544752	0.2982544752	0.2982544752	0.1328094663	0.1328094663	0.1328094663
0.136	0.2978072002	0.2978072002	0.2978072002	0.1331064794	0.1331064794	0.1331064794
0.14	0.2973557867	0.2973557867	0.2973557867	0.1334062406	0.1334062406	0.1334062406
0.144	0.2969001963	0.2969001963	0.2969001963	0.1337087756	0.1337087756	0.1337087756
0.148	0.2964476854	0.2964476854	0.2964476854	0.1340028805	0.1340028805	0.1340028805
0.152	0.2959965421	0.2959965421	0.2959965421	0.1342911567	0.1342911567	0.1342911567
0.156	0.2955412244	0.2955412244	0.2955412244	0.1345821003	0.1345821003	0.1345821003
0.16	0.2950816936	0.2950816936	0.2950816936	0.1348757359	0.1348757359	0.1348757359
0.164	0.2946193857	0.2946193857	0.2946193857	0.1351586529	0.1351586529	0.1351586529
0.168	0.2941532701	0.2941532701	0.2941532701	0.1354399049	0.1354399049	0.1354399049
0.172	0.2936828416	0.2936828416	0.2936828416	0.1357237593	0.1357237593	0.1357237593
0.176	0.2932079525	0.2932079525	0.2932079525	0.1360082745	0.1360082745	0.1360082745
0.18	0.2927273995	0.2927273995	0.2927273995	0.1362722619	0.1362722619	0.1362722619
0.184	0.2922423999	0.2922423999	0.2922423999	0.136538692	0.136538692	0.136538692
0.188	0.2917529128	0.2917529128	0.2917529128	0.1368075873	0.1368075873	0.1368075873
0.192	0.2912438381	0.2912438381	0.2912438381	0.1370639	0.1370639	0.1370639
0.196	0.2907160155	0.2907160155	0.2907160155	0.1373085353	0.1373085353	0.1373085353
0.2	0.290183309	0.290183309	0.290183309	0.1375554341	0.1375554341	0.1375554341
0.204	0.28964869	0.28964869	0.28964869	0.1378038141	0.1378038141	0.1378038141
0.208	0.2891482776	0.2891482776	0.2891482776	0.1380440639	0.1380440639	0.1380440639
0.212	0.2886432349	0.2886432349	0.2886432349	0.1382865368	0.1382865368	0.1382865368
0.216	0.2881335191	0.2881335191	0.2881335191	0.1385312533	0.1385312533	0.1385312533
0.22	0.2876776628	0.2876776628	0.2876776628	0.1387832508	0.1387832508	0.1387832508
0.224	0.2872392373	0.2872392373	0.2872392373	0.1390394341	0.1390394341	0.1390394341
0.228	0.286796755	0.286796755	0.286796755	0.1392979878	0.1392979878	0.1392979878
0.232	0.2863627114	0.2863627114	0.2863627114	0.1395516106	0.1395516106	0.1395516106
0.236	0.2859377561	0.2859377561	0.2859377561	0.1397999229	0.1397999229	0.1397999229
0.24	0.2855088687	0.2855088687	0.2855088687	0.1400505328	0.1400505328	0.1400505328
0.244	0.2851009011	0.2851009011	0.2851009011	0.1403038909	0.1403038909	0.1403038909
0.248	0.284737071	0.284737071	0.284737071	0.1405604196	0.1405604196	0.1405604196
0.252	0.2843698744	0.2843698744	0.2843698744	0.140819322	0.140819322	0.140819322
0.256	0.2840082659	0.2840082659	0.2840082659	0.1410776242	0.1410776242	0.1410776242
0.26	0.2836660183	0.2836660183	0.2836660183	0.1413307461	0.1413307461	0.1413307461
0.264	0.2833206039	0.2833206039	0.2833206039	0.1415862101	0.1415862101	0.1415862101
0.268	0.2829790232	0.2829790232	0.2829790232	0.1418405205	0.1418405205	0.1418405205
0.272	0.2826500144	0.2826500144	0.2826500144	0.1420893125	0.1420893125	0.1420893125
0.276	0.2823179612	0.2823179612	0.2823179612	0.1423404065	0.1423404065	0.1423404065
0.28	0.2819943043	0.2819943043	0.2819943043	0.1425907043	0.1425907043	0.1425907043
0.284	0.2816839269	0.2816839269	0.2816839269	0.1428388913	0.1428388913	0.1428388913
0.288	0.2813706776	0.2813706776	0.2813706776	0.1430893747	0.1430893747	0.1430893747
0.292	0.2810639428	0.2810639428	0.2810639428	0.143334649	0.143334649	0.143334649
0.296	0.2807608226	0.2807608226	0.2807608226	0.1435770329	0.1435770329	0.1435770329
0.3	0.2804548977	0.2804548977	0.2804548977	0.1438216595	0.1438216595	0.1438216595
0.304	0.2800379371	0.2800379371	0.2800379371	0.144019815	0.144019815	0.144019815
0.308	0.2795972843	0.2795972843	0.2795972843	0.144210871	0.144210871	0.144210871
0.312	0.2791399968	0.2791399968	0.2791399968	0.1443970568	0.1443970568	0.1443970568
0.316	0.2786145727	0.2786145727	0.2786145727	0.1445511843	0.1445511843	0.1445511843
0.32	0.2780842869	0.2780842869	0.2780842869	0.1447067379	0.1447067379	0.1447067379
0.324	0.277562779	0.277562779	0.277562779	0.1448597166	0.1448597166	0.1448597166
0.328	0.2770477563	0.2770477563	0.2770477563	0.145010793	0.145010793	0.145010793
0.332	0.2765279681	0.2765279681	0.2765279681	0.1451632673	0.1451632673	0.1451632673
0.336	0.2760591762	0.2760591762	0.2760591762	0.1453199009	0.1453199009	0.1453199009
0.34	0.2755863873	0.2755863873	0.2755863873	0.1454780006	0.1454780006	0.1454780006
0.344	0.275126551	0.275126551	0.275126551	0.1456360604	0.1456360604	0.1456360604
0.348	0.2746800055	0.2746800055	0.2746800055	0.1457940611	0.1457940611	0.1457940611
0.352	0.2742304729	0.2742304729	0.2742304729	0.1459531188	0.1459531188	0.1459531188
0.356	0.2737954007	0.2737954007	0.2737954007	0.1461070599	0.1461070599	0.1461070599
0.36	0.2733563028	0.2733563028	0.2733563028	0.1462624254	0.1462624254	0.1462624254
0.364	0.272943316	0.272943316	0.272943316	0.1464242481	0.1464242481	0.1464242481
0.368	0.2725413075	0.2725413075	0.2725413075	0.1465900301	0.1465900301	0.1465900301
0.372	0.2721469467	0.2721469467	0.2721469467	0.1467580638	0.1467580638	0.1467580638
0.376	0.2717714003	0.2717714003	0.2717714003	0.1469290706	0.1469290706	0.1469290706
0.38	0.2713931759	0.2713931759	0.2713931759	0.1471012968	0.1471012968	0.1471012968
0.384	0.2710262603	0.2710262603	0.2710262603	0.1472683735	0.1472683735	0.1472683735
0.388	0.2706559498	0.2706559498	0.2706559498	0.1474369961	0.1474369961	0.1474369961
0.392	0.2702584994	0.2702584994	0.2702584994	0.1475834568	0.1475834568	0.1475834568
0.396	0.2698518802	0.2698518802	0.2698518802	0.1477257791	0.1477257791	0.1477257791
0.4	0.2693844885	0.2693844885	0.2693844885	0.1478319615	0.1478319615	0.1478319615
0.404	0.2688775616	0.2688775616	0.2688775616	0.1479159922	0.1479159922	0.1479159922
0.408	0.2683752015	0.2683752015	0.2683752015	0.147999266	0.147999266	0.147999266
0.412	0.2678787091	0.2678787091	0.2678787091	0.1480815671	0.1480815671	0.1480815671
0.416	0.2673844707	0.2673844707	0.2673844707	0.1481634945	0.1481634945	0.1481634945
0.42	0.2668978309	0.2668978309	0.2668978309	0.1482441624	0.1482441624	0.1482441624
0.424	0.2664137486	0.2664137486	0.2664137486	0.1483262504	0.1483262504	0.1483262504
0.428	0.2659422971	0.2659422971	0.2659422971	0.1484107309	0.1484107309	0.1484107309
0.432	0.2654716181	0.2654716181	0.2654716181	0.1484956808	0.1484956808	0.1484956808
0.436	0.26501099	0.26501099	0.26501099	0.1485805407	0.1485805407	0.1485805407
0.44	0.2645506225	0.2645506225	0.2645506225	0.1486653526	0.1486653526	0.1486653526
0.444	0.2640981869	0.2640981869	0.2640981869	0.1487487032	0.1487487032	0.1487487032
0.448	0.2636466315	0.2636466315	0.2636466315	0.1488318916	0.1488318916	0.1488318916
0.452	0.263201954	0.263201954	0.263201954	0.148913813	0.148913813	0.148913813
0.456	0.2627729944	0.2627729944	0.2627729944	0.1489912157	0.1489912157	0.1489912157
0.46	0.2623707618	0.2623707618	0.2623707618	0.1490611676	0.1490611676	0.1490611676
0.464	0.2619732174	0.2619732174	0.2619732174	0.1491301191	0.1491301191	0.1491301191
0.468	0.2615802635	0.2615802635	0.2615802635	0.1491980885	0.1491980885	0.1491980885
0.472	0.2611922726	0.2611922726	0.2611922726	0.1492651994	0.1492651994	0.1492651994
0.476	0.2608053547	0.2608053547	0.2608053547	0.1493321248	0.1493321248	0.1493321248
0.48	0.2604254235	0.2604254235	0.2604254235	0.1493978417	0.1493978417	0.1493978417
0.484	0.2600466942	0.2600466942	0.2600466942	0.1494621463	0.1494621463	0.1494621463
0.488	0.2597441048	0.2597441048	0.2597441048	0.1494742896	0.1494742896	0.1494742896
0.492	0.25944473	0.25944473	0.25944473	0.1494838638	0.1494838638	0.1494838638
0.496	0.2591593699	0.2591593699	0.2591593699	0.1494860436	0.1494860436	0.1494860436
0.5	0.2588761274	0.2588761274	0.2588761274	0.1494882071	0.1494882071	0.1494882071
0.504	0.258594545	0.258594545	0.258594545	0.149490358	0.149490358	0.149490358
0.508	0.2583175134	0.2583175134	0.2583175134	0.1494924742	0.1494924742	0.1494924742
0.512	0.2580438069	0.2580438069	0.2580438069	0.1494950058	0.1494950058	0.1494950058
0.516	0.257795289	0.257795289	0.257795289	0.1495002008	0.1495002008	0.1495002008
0.52	0.257560756	0.257560756	0.257560756	0.149507051	0.149507051	0.149507051
0.524	0.2573420007	0.2573420007	0.2573420007	0.1495157358	0.1495157358	0.1495157358
0.528	0.2571267068	0.2571267068	0.2571267068	0.1495242832	0.1495242832	0.1495242832
0.532	0.2569119207	0.2569119207	0.2569119207	0.1495328105	0.1495328105	0.1495328105
0.536	0.2566999773	0.2566999773	0.2566999773	0.1495412249	0.1495412249	0.1495412249
0.54	0.2564900559	0.2564900559	0.2564900559	0.149549559	0.149549559	0.149549559
0.544	0.2562787725	0.2562787725	0.2562787725	0.1495524021	0.1495524021	0.1495524021
0.548	0.2560493164	0.2560493164	0.2560493164	0.1494985484	0.1494985484	0.1494985484
0.552	0.2558176361	0.2558176361	0.2558176361	0.1494355344	0.1494355344	0.1494355344
0.556	0.2555839214	0.2555839214	0.2555839214	0.1493648321	0.1493648321	0.1493648321
0.56	0.255354317	0.255354317	0.255354317	0.1492953732	0.1492953732	0.1492953732
0.564	0.2551259298	0.2551259298	0.2551259298	0.1492262825	0.1492262825	0.1492262825
0.568	0.2548987142	0.2548987142	0.2548987142	0.1491575463	0.1491575463	0.1491575463
0.572	0.2546751804	0.2546751804	0.2546751804	0.1490899239	0.1490899239	0.1490899239
0.576	0.2544769497	0.2544769497	0.2544769497	0.1490233656	0.1490233656	0.1490233656
0.58	0.2542981477	0.2542981477	0.2542981477	0.1489576603	0.1489576603	0.1489576603
0.584	0.2541323207	0.2541323207	0.2541323207	0.1488930744	0.1488930744	0.1488930744
0.588	0.2539681414	0.2539681414	0.2539681414	0.1488291303	0.1488291303	0.1488291303
0.592	0.253804982	0.253804982	0.253804982	0.1487655833	0.1487655833	0.1487655833
0.596	0.2536430852	0.2536430852	0.2536430852	0.1487025281	0.1487025281	0.1487025281
0.6	0.2534835986	0.2534835986	0.2534835986	0.1486404117	0.1486404117	0.1486404117
0.604	0.2533372236	0.2533372236	0.2533372236	0.1485799258	0.1485799258	0.1485799258
0.608	0.2532084534	0.2532084534	0.2532084534	0.148521541	0.148521541	0.148521541
0.612	0.2531065875	0.2531065875	0.2531065875	0.1484663098	0.1484663098	0.1484663098
0.616	0.2530060344	0.2530060344	0.2530060344	0.1484117903	0.1484117903	0.1484117903
0.62	0.2529062096	0.2529062096	0.2529062096	0.1483576657	0.1483576657	0.1483576657
0.624	0.2528071381	0.2528071381	0.2528071381	0.1483039496	0.1483039496	0.1483039496
0.628	0.252708841	0.252708841	0.252708841	0.1482506534	0.1482506534	0.1482506534
0.632	0.2526119216	0.2526119216	0.2526119216	0.1481981041	0.1481981041	0.1481981041
0.636	0.2525406951	0.2525406951	0.2525406951	0.1481466836	0.1481466836	0.1481466836
0.64	0.2524892764	0.2524892764	0.2524892764	0.1480962219	0.1480962219	0.1480962219
0.644	0.2524494258	0.2524494258	0.2524494258	0.1480464907	0.1480464907	0.1480464907
0.648	0.2524099078	0.2524099078	0.2524099078	0.1479971747	0.1479971747	0.1479971747
0.652	0.2523708965	0.2523708965	0.2523708965	0.1479484909	0.1479484909	0.1479484909
0.656	0.2523322196	0.2523322196	0.2523322196	0.1479002246	0.1479002246	0.1479002246
0.66	0.252293867	0.252293867	0.252293867	0.1478523628	0.1478523628	0.1478523628
0.664	0.252260306	0.252260306	0.252260306	0.147795499	0.147795499	0.147795499
0.668	0.2522367387	0.2522367387	0.2522367387	0.1477186757	0.1477186757	0.1477186757
0.672	0.2522240639	0.2522240639	0.2522240639	0.1476200043	0.1476200043	0.1476200043
0.676	0.2522115193	0.2522115193	0.2522115193	0.1475223473	0.1475223473	0.1475223473
0.68	0.2521991049	0.2521991049	0.2521991049	0.1474257029	0.1474257029	0.1474257029
0.684	0.2521867989	0.2521867989	0.2521867989	0.1473299028	0.1473299028	0.1473299028
0.688	0.2521746015	0.2521746015	0.2521746015	0.1472349483	0.1472349483	0.1472349483
0.692	0.2521625128	0.2521625128	0.2521625128	0.1471408397	0.1471408397	0.1471408397
0.696	0.2521653776	0.2521653776	0.2521653776	0.1470348523	0.1470348523	0.1470348523
0.7	0.2521888376	0.2521888376	0.2521888376	0.1469121485	0.1469121485	0.1469121485
0.704	0.2522168905	0.2522168905	0.2522168905	0.1467864406	0.1467864406	0.1467864406
0.708	0.2522446872	0.2522446872	0.2522446872	0.1466618807	0.1466618807	0.1466618807
0.712	0.252272229	0.252272229	0.252272229	0.146538463	0.146538463	0.146538463
0.716	0.2522995175	0.2522995175	0.2522995175	0.1464161803	0.1464161803	0.1464161803
0.72	0.2523265545	0.2523265545	0.2523265545	0.146295025	0.146295025	0.146295025
0.724	0.2523550578	0.2523550578	0.2523550578	0.1461749748	0.1461749748	0.1461749748
0.728	0.2524277515	0.2524277515	0.2524277515	0.1460556778	0.1460556778	0.1460556778
0.732	0.2525173724	0.2525173724	0.2525173724	0.1459373431	0.1459373431	0.1459373431
0.736	0.252606164	0.252606164	0.252606164	0.1458201032	0.1458201032	0.1458201032
0.74	0.2526941346	0.2526941346	0.2526941346	0.1457039475	0.1457039475	0.1457039475
0.744	0.2527812924	0.2527812924	0.2527812924	0.1455888649	0.1455888649	0.1455888649
0.748	0.252867646	0.252867646	0.252867646	0.1454748442	0.1454748442	0.1454748442
0.752	0.2529527323	0.2529527323	0.2529527323	0.1453618547	0.1453618547	0.1453618547
0.756	0.2530273303	0.2530273303	0.2530273303	0.145249513	0.145249513	0.145249513
0.76	0.2530688209	0.2530688209	0.2530688209	0.1451368961	0.1451368961	0.1451368961
0.764	0.2531099322	0.2531099322	0.2531099322	0.1450253088	0.1450253088	0.1450253088
0.768	0.2531506687	0.2531506687	0.2531506687	0.1449147386	0.1449147386	0.1449147386
0.772	0.2531910352	0.2531910352	0.2531910352	0.1448051726	0.1448051726	0.1448051726
0.776	0.2532310365	0.2532310365	0.2532310365	0.1446965982	0.1446965982	0.1446965982
0.78	0.2532706772	0.2532706772	0.2532706772	0.1445890024	0.1445890024	0.1445890024
0.784	0.2533099621	0.2533099621	0.2533099621	0.1444823723	0.1444823723	0.1444823723
0.788	0.2530967293	0.2530967293	0.2530967293	0.1443752679	0.1443752679	0.1443752679
0.792	0.2528035981	0.2528035981	0.2528035981	0.1442686681	0.1442686681	0.1442686681
0.796	0.2525125819	0.2525125819	0.2525125819	0.144163206	0.144163206	0.144163206
0.8	0.2522241469	0.2522241469	0.2522241469	0.1440586792	0.1440586792	0.1440586792
0.804	0.2519382557	0.2519382557	0.2519382557	0.1439550744	0.1439550744	0.1439550744
0.808	0.2516548712	0.2516548712	0.2516548712	0.1438523779	0.1438523779	0.1438523779
0.812	0.2513739565	0.2513739565	0.2513739565	0.1437505765	0.1437505765	0.1437505765
0.816	0.2510947449	0.2510947449	0.2510947449	0.1436519331	0.1436519331	0.1436519331
0.82	0.2508156961	0.2508156961	0.2508156961	0.1435609139	0.1435609139	0.1435609139
0.824	0.2505390449	0.2505390449	0.2505390449	0.1434706768	0.1434706768	0.1434706768
0.828	0.2502647542	0.2502647542	0.2502647542	0.1433812096	0.1433812096	0.1433812096
0.832	0.2499927876	0.2499927876	0.2499927876	0.1432925004	0.1432925004	0.1432925004
0.836	0.2497238321	0.2497238321	0.2497238321	0.1432047734	0.1432047734	0.1432047734
0.84	0.2494572099	0.2494572099	0.2494572099	0.1431178075	0.1431178075	0.1431178075
0.844	0.2491928049	0.2491928049	0.2491928049	0.1430315648	0.1430315648	0.1430315648
0.848	0.248927257	0.248927257	0.248927257	0.1429476412	0.1429476412	0.1429476412
0.852	0.2486633395	0.2486633395	0.2486633395	0.1428651167	0.1428651167	0.1428651167
0.856	0.2484015705	0.2484015705	0.2484015705	0.142783264	0.142783264	0.142783264
0.86	0.2481419958	0.2481419958	0.2481419958	0.1427020974	0.1427020974	0.1427020974
0.864	0.2478853115	0.2478853115	0.2478853115	0.1426218346	0.1426218346	0.1426218346
0.868	0.2476306682	0.2476306682	0.2476306682	0.14254221	0.14254221	0.14254221
0.872	0.2473782623	0.2473782623	0.2473782623	0.142463285	0.142463285	0.142463285
0.876	0.2471270822	0.2471270822	0.2471270822	0.142384479	0.142384479	0.142384479
0.88	0.246874719	0.246874719	0.246874719	0.1423047256	0.1423047256	0.1423047256
0.884	0.2466246897	0.2466246897	0.2466246897	0.142225668	0.142225668	0.142225668
0.888	0.2463768797	0.2463768797	0.2463768797	0.142147312	0.142147312	0.142147312
0.892	0.2461312016	0.2461312016	0.2461312016	0.1420696302	0.1420696302	0.1420696302
0.896	0.2458880467	0.2458880467	0.2458880467	0.1419927462	0.1419927462	0.1419927462
0.9	0.2456467386	0.2456467386	0.2456467386	0.1419164462	0.1419164462	0.1419164462
0.904	0.2454078754	0.2454078754	0.2454078754	0.1418417462	0.1418417462	0.1418417462
0.908	0.2451673962	0.2451673962	0.2451673962	0.1417785276	0.1417785276	0.1417785276
0.912	0.2449280781	0.2449280781	0.2449280781	0.141720891	0.141720891	0.141720891
0.916	0.2446905021	0.2446905021	0.2446905021	0.1416636739	0.1416636739	0.1416636739
0.92	0.244455555	0.244455555	0.244455555	0.1416070899	0.1416070899	0.1416070899
0.924	0.2442223634	0.2442223634	0.2442223634	0.1415509287	0.1415509287	0.1415509287
0.928	0.243991646	0.243991646	0.243991646	0.1414953634	0.1414953634	0.1414953634
0.932	0.2437628072	0.2437628072	0.2437628072	0.1414402506	0.1414402506	0.1414402506
0.936	0.2435347545	0.2435347545	0.2435347545	0.1413858419	0.1413858419	0.1413858419
0.94	0.2433058368	0.2433058368	0.2433058368	0.1413323026	0.1413323026	0.1413323026
0.944	0.2430785569	0.2430785569	0.2430785569	0.1412792362	0.1412792362	0.1412792362
0.948	0.2428536984	0.2428536984	0.2428536984	0.1412267351	0.1412267351	0.1412267351
0.952	0.2426306917	0.2426306917	0.2426306917	0.1411746664	0.1411746664	0.1411746664
0.956	0.2424096934	0.2424096934	0.2424096934	0.1411230666	0.1411230666	0.1411230666
0.96	0.242190912	0.242190912	0.242190912	0.1410719845	0.1410719845	0.1410719845
0.964	0.2419737498	0.2419737498	0.2419737498	0.1410210631	0.1410210631	0.1410210631
0.968	0.2417552744	0.2417552744	0.2417552744	0.1409669151	0.1409669151	0.1409669151
0.972	0.2415375847	0.2415375847	0.2415375847	0.1409116533	0.1409116533	0.1409116533
0.976	0.2413217846	0.2413217846	0.2413217846	0.1408568713	0.1408568713	0.1408568713
0.98	0.2411078811	0.2411078811	0.2411078811	0.1408025708	0.1408025708	0.1408025708
0.984	0.2408959312	0.2408959312	0.2408959312	0.1407487661	0.1407487661	0.1407487661
0.988	0.2406860834	0.2406860834	0.2406860834	0.1406954952	0.1406954952	0.1406954952
0.992	0.2404781009	0.2404781009	0.2404781009	0.1406426977	0.1406426977	0.1406426977
0.996	0.2402659941	0.2402659941	0.2402659941	0.1405754603	0.1405754603	0.1405754603
1	0.2400378559	0.2400378559	0.2400378559	0.1404641369	0.1404641369	0.1404641369

