#GLoBES
#log10E	nue/E	numu/E	numtau/E	nuebar/E	numubar/E	nutaubar/E
-1	0.0043457978	0.0043457978	0	0.0024532499	0.0024532499	0
-0.996	0.0055447407	0.0055447407	0	0.0035607946	0.0035607946	0
-0.992	0.0067547772	0.0067547772	0	0.0046785873	0.0046785873	0
-0.988	0.0079760101	0.0079760101	0	0.0058067228	0.0058067228	0
-0.984	0.0092085429	0.0092085429	0	0.0069452968	0.0069452968	0
-0.98	0.0104524802	0.0104524802	0	0.0080944059	0.0080944059	0
-0.976	0.0117079275	0.0117079275	0	0.0092541476	0.0092541476	0
-0.972	0.0129749913	0.0129749913	0	0.0104246202	0.0104246202	0
-0.968	0.0142537791	0.0142537791	0	0.0116059231	0.0116059231	0
-0.964	0.0155443994	0.0155443994	0	0.0127981564	0.0127981564	0
-0.96	0.0168469616	0.0168469616	0	0.0140014214	0.0140014214	0
-0.956	0.0181615763	0.0181615763	0	0.01521582	0.01521582	0
-0.952	0.019488355	0.019488355	0	0.0164414553	0.0164414553	0
-0.948	0.0208274103	0.0208274103	0	0.0176784313	0.0176784313	0
-0.944	0.0221788556	0.0221788556	0	0.0189268529	0.0189268529	0
-0.94	0.0235428057	0.0235428057	0	0.0201868259	0.0201868259	0
-0.936	0.0249193763	0.0249193763	0	0.0214584574	0.0214584574	0
-0.932	0.0263086841	0.0263086841	0	0.0227418551	0.0227418551	0
-0.928	0.0277108471	0.0277108471	0	0.024037128	0.024037128	0
-0.924	0.0291259841	0.0291259841	0	0.0253443858	0.0253443858	0
-0.92	0.0305542152	0.0305542152	0	0.0266637396	0.0266637396	0
-0.916	0.0319956616	0.0319956616	0	0.0279953012	0.0279953012	0
-0.912	0.0334504455	0.0334504455	0	0.0293391836	0.0293391836	0
-0.908	0.0349186903	0.0349186903	0	0.0306955008	0.0306955008	0
-0.904	0.0364005207	0.0364005207	0	0.0320643678	0.0320643678	0
-0.9	0.0378960622	0.0378960622	0	0.0334459008	0.0334459008	0
-0.896	0.0394054419	0.0394054419	0	0.034840217	0.034840217	0
-0.892	0.0409287876	0.0409287876	0	0.0362474346	0.0362474346	0
-0.888	0.0424662287	0.0424662287	0	0.0376676731	0.0376676731	0
-0.884	0.0440178956	0.0440178956	0	0.0391010528	0.0391010528	0
-0.88	0.0455839199	0.0455839199	0	0.0405476955	0.0405476955	0
-0.876	0.0471644344	0.0471644344	0	0.0420077237	0.0420077237	0
-0.872	0.0487595732	0.0487595732	0	0.0434812615	0.0434812615	0
-0.868	0.0503694717	0.0503694717	0	0.0449684337	0.0449684337	0
-0.864	0.0519942663	0.0519942663	0	0.0464693665	0.0464693665	0
-0.86	0.0536340951	0.0536340951	0	0.0479841874	0.0479841874	0
-0.856	0.0552890969	0.0552890969	0	0.0495130246	0.0495130246	0
-0.852	0.0569594123	0.0569594123	0	0.0510560081	0.0510560081	0
-0.848	0.058645183	0.058645183	0	0.0526132686	0.0526132686	0
-0.844	0.0603465519	0.0603465519	0	0.0541849382	0.0541849382	0
-0.84	0.0620636633	0.0620636633	0	0.0557711503	0.0557711503	0
-0.836	0.063796663	0.063796663	0	0.0573720395	0.0573720395	0
-0.832	0.065545698	0.065545698	0	0.0589877415	0.0589877415	0
-0.828	0.0673109165	0.0673109165	0	0.0606183934	0.0606183934	0
-0.824	0.0691193138	0.0691193138	0	0.0622558927	0.0622558927	0
-0.82	0.0729327487	0.0729327487	0	0.0632981823	0.0632981823	0
-0.816	0.0767814688	0.0767814688	0	0.0643501161	0.0643501161	0
-0.812	0.0806658007	0.0806658007	0	0.0654117834	0.0654117834	0
-0.808	0.0845860739	0.0845860739	0	0.0664832741	0.0664832741	0
-0.804	0.0885426209	0.0885426209	0	0.0675646792	0.0675646792	0
-0.8	0.0925357774	0.0925357774	0	0.0686560905	0.0686560905	0
-0.796	0.0965658821	0.0965658821	0	0.0697576004	0.0697576004	0
-0.792	0.1006332769	0.1006332769	0	0.0708693025	0.0708693025	0
-0.788	0.1047383069	0.1047383069	0	0.071991291	0.071991291	0
-0.784	0.1088813202	0.1088813202	0	0.0731236612	0.0731236612	0
-0.78	0.1130626684	0.1130626684	0	0.0742665091	0.0742665091	0
-0.776	0.1172827061	0.1172827061	0	0.0754199316	0.0754199316	0
-0.772	0.1215417913	0.1215417913	0	0.0765840266	0.0765840266	0
-0.768	0.1258402853	0.1258402853	0	0.0777588928	0.0777588928	0
-0.764	0.1301785529	0.1301785529	0	0.0789446299	0.0789446299	0
-0.76	0.1345569619	0.1345569619	0	0.0801413385	0.0801413385	0
-0.756	0.1389758839	0.1389758839	0	0.0813491202	0.0813491202	0
-0.752	0.1434356936	0.1434356936	0	0.0825680773	0.0825680773	0
-0.748	0.1479367694	0.1479367694	0	0.0837983132	0.0837983132	0
-0.744	0.1524794932	0.1524794932	0	0.0850399324	0.0850399324	0
-0.74	0.1570642503	0.1570642503	0	0.0862930402	0.0862930402	0
-0.736	0.1616914296	0.1616914296	0	0.0875577428	0.0875577428	0
-0.732	0.1663614237	0.1663614237	0	0.0888341476	0.0888341476	0
-0.728	0.1710746287	0.1710746287	0	0.0901223628	0.0901223628	0
-0.724	0.1758314445	0.1758314445	0	0.0914224977	0.0914224977	0
-0.72	0.1806322745	0.1806322745	0	0.0927346626	0.0927346626	0
-0.716	0.1854775261	0.1854775261	0	0.0940589688	0.0940589688	0
-0.712	0.1903676102	0.1903676102	0	0.0953955287	0.0953955287	0
-0.708	0.1953029418	0.1953029418	0	0.0967444556	0.0967444556	0
-0.704	0.2002839393	0.2002839393	0	0.098105864	0.098105864	0
-0.7	0.2053110255	0.2053110255	0	0.0994798693	0.0994798693	0
-0.696	0.2109350109	0.2109350109	0	0.1004619774	0.1004619774	0
-0.692	0.2167520396	0.2167520396	0	0.1013495137	0.1013495137	0
-0.688	0.2226228927	0.2226228927	0	0.1022452624	0.1022452624	0
-0.684	0.2285480681	0.2285480681	0	0.1031492993	0.1031492993	0
-0.68	0.2345280684	0.2345280684	0	0.1040617011	0.1040617011	0
-0.676	0.2405634011	0.2405634011	0	0.1049825453	0.1049825453	0
-0.672	0.2466545779	0.2466545779	0	0.10591191	0.10591191	0
-0.668	0.2528021158	0.2528021158	0	0.106849874	0.106849874	0
-0.664	0.2590065361	0.2590065361	0	0.1077965168	0.1077965168	0
-0.66	0.2652683652	0.2652683652	0	0.1087519188	0.1087519188	0
-0.656	0.2715881343	0.2715881343	0	0.1097161611	0.1097161611	0
-0.652	0.2779663795	0.2779663795	0	0.1106893253	0.1106893253	0
-0.648	0.2844036418	0.2844036418	0	0.1116714942	0.1116714942	0
-0.644	0.2909004674	0.2909004674	0	0.1126627509	0.1126627509	0
-0.64	0.2974574075	0.2974574075	0	0.1136631797	0.1136631797	0
-0.636	0.3040750181	0.3040750181	0	0.1146728652	0.1146728652	0
-0.632	0.3107538607	0.3107538607	0	0.1156918933	0.1156918933	0
-0.628	0.3174945019	0.3174945019	0	0.1167203504	0.1167203504	0
-0.624	0.3242975135	0.3242975135	0	0.1177583236	0.1177583236	0
-0.62	0.3311634726	0.3311634726	0	0.1188059011	0.1188059011	0
-0.616	0.3380929616	0.3380929616	0	0.1198631717	0.1198631717	0
-0.612	0.3450865684	0.3450865684	0	0.1209302251	0.1209302251	0
-0.608	0.3521448862	0.3521448862	0	0.1220071518	0.1220071518	0
-0.604	0.3592685138	0.3592685138	0	0.1230940432	0.1230940432	0
-0.6	0.3653436561	0.3653436561	0	0.1239705272	0.1239705272	0
-0.596	0.3706648452	0.3706648452	0	0.1246948441	0.1246948441	0
-0.592	0.3760352706	0.3760352706	0	0.1254258631	0.1254258631	0
-0.588	0.3814553879	0.3814553879	0	0.126163646	0.126163646	0
-0.584	0.386925657	0.386925657	0	0.1269082556	0.1269082556	0
-0.58	0.3924465418	0.3924465418	0	0.127659755	0.127659755	0
-0.576	0.3980185108	0.3980185108	0	0.1284182079	0.1284182079	0
-0.572	0.4036420366	0.4036420366	0	0.1291836787	0.1291836787	0
-0.568	0.4093175962	0.4093175962	0	0.1299562323	0.1299562323	0
-0.564	0.4150456711	0.4150456711	0	0.1307359343	0.1307359343	0
-0.56	0.4208267472	0.4208267472	0	0.1315228508	0.1315228508	0
-0.556	0.426661315	0.426661315	0	0.1323170485	0.1323170485	0
-0.552	0.4325498694	0.4325498694	0	0.1331185948	0.1331185948	0
-0.548	0.4384929099	0.4384929099	0	0.1339275577	0.1339275577	0
-0.544	0.4444909406	0.4444909406	0	0.1347440059	0.1347440059	0
-0.54	0.4505444705	0.4505444705	0	0.1355680086	0.1355680086	0
-0.536	0.456654013	0.456654013	0	0.1363996357	0.1363996357	0
-0.532	0.4628200864	0.4628200864	0	0.1372389578	0.1372389578	0
-0.528	0.4690432137	0.4690432137	0	0.1380860459	0.1380860459	0
-0.524	0.475323923	0.475323923	0	0.1389409722	0.1389409722	0
-0.52	0.4793764449	0.4793764449	0	0.1395850492	0.1395850492	0
-0.516	0.4828635911	0.4828635911	0	0.1401774012	0.1401774012	0
-0.512	0.4863830035	0.4863830035	0	0.1407752342	0.1407752342	0
-0.508	0.4899349806	0.4899349806	0	0.1413785989	0.1413785989	0
-0.504	0.4935198237	0.4935198237	0	0.1419875465	0.1419875465	0
-0.5	0.497137837	0.497137837	0	0.1426021286	0.1426021286	0
-0.496	0.5007893273	0.5007893273	0	0.1432223973	0.1432223973	0
-0.492	0.5044746045	0.5044746045	0	0.1438484053	0.1438484053	0
-0.488	0.5081939811	0.5081939811	0	0.1444802057	0.1444802057	0
-0.484	0.5119477727	0.5119477727	0	0.1451178521	0.1451178521	0
-0.48	0.5157362977	0.5157362977	0	0.1457613985	0.1457613985	0
-0.476	0.5195598775	0.5195598775	0	0.1464108996	0.1464108996	0
-0.472	0.5234188364	0.5234188364	0	0.1470664105	0.1470664105	0
-0.468	0.5273135019	0.5273135019	0	0.1477279867	0.1477279867	0
-0.464	0.5312442042	0.5312442042	0	0.1483956844	0.1483956844	0
-0.46	0.5352112769	0.5352112769	0	0.1490695603	0.1490695603	0
-0.456	0.5390895356	0.5390895356	0	0.1497382185	0.1497382185	0
-0.452	0.5410478535	0.5410478535	0	0.1502346084	0.1502346084	0
-0.448	0.5430242915	0.5430242915	0	0.1507355914	0.1507355914	0
-0.444	0.5450190173	0.5450190173	0	0.1512412099	0.1512412099	0
-0.44	0.5470322001	0.5470322001	0	0.1517515068	0.1517515068	0
-0.436	0.5490640106	0.5490640106	0	0.1522665254	0.1522665254	0
-0.432	0.5511146212	0.5511146212	0	0.1527863095	0.1527863095	0
-0.428	0.5531842059	0.5531842059	0	0.1533109031	0.1533109031	0
-0.424	0.5552729402	0.5552729402	0	0.1538403506	0.1538403506	0
-0.42	0.5573810013	0.5573810013	0	0.1543746971	0.1543746971	0
-0.416	0.5595085681	0.5595085681	0	0.1549139878	0.1549139878	0
-0.412	0.561655821	0.561655821	0	0.1554582685	0.1554582685	0
-0.408	0.5638229422	0.5638229422	0	0.1560075854	0.1560075854	0
-0.404	0.5660101155	0.5660101155	0	0.1565619851	0.1565619851	0
-0.4	0.5682175265	0.5682175265	0	0.1571215145	0.1571215145	0
-0.396	0.5695886341	0.5695886341	0	0.1576079309	0.1576079309	0
-0.392	0.5703137133	0.5703137133	0	0.1580386527	0.1580386527	0
-0.388	0.5710455015	0.5710455015	0	0.15847336	0.15847336	0
-0.384	0.5717840609	0.5717840609	0	0.1589120895	0.1589120895	0
-0.38	0.5725294541	0.5725294541	0	0.1593548785	0.1593548785	0
-0.376	0.5732817444	0.5732817444	0	0.1598017647	0.1598017647	0
-0.372	0.5740409955	0.5740409955	0	0.1602527858	0.1602527858	0
-0.368	0.5748072719	0.5748072719	0	0.1607079801	0.1607079801	0
-0.364	0.5755806385	0.5755806385	0	0.1611673863	0.1611673863	0
-0.36	0.576361161	0.576361161	0	0.1616310434	0.1616310434	0
-0.356	0.5771489056	0.5771489056	0	0.1620989906	0.1620989906	0
-0.352	0.5779439391	0.5779439391	0	0.1625712677	0.1625712677	0
-0.348	0.5787463289	0.5787463289	0	0.1630479147	0.1630479147	0
-0.344	0.5786976125	0.5786976125	0	0.1634397428	0.1634397428	0
-0.34	0.5784070897	0.5784070897	0	0.1638101117	0.1638101117	0
-0.336	0.5781138787	0.5781138787	0	0.1641839076	0.1641839076	0
-0.332	0.5778179546	0.5778179546	0	0.1645611622	0.1645611622	0
-0.328	0.5775192924	0.5775192924	0	0.1649419075	0.1649419075	0
-0.324	0.5772178667	0.5772178667	0	0.1653261758	0.1653261758	0
-0.32	0.576913652	0.576913652	0	0.1657139997	0.1657139997	0
-0.316	0.5766066224	0.5766066224	0	0.166105412	0.166105412	0
-0.312	0.5762967519	0.5762967519	0	0.1665004461	0.1665004461	0
-0.308	0.5759840142	0.5759840142	0	0.1668991354	0.1668991354	0
-0.304	0.5756683827	0.5756683827	0	0.1673015137	0.1673015137	0
-0.3	0.5750855185	0.5750855185	0	0.167669348	0.167669348	0
-0.296	0.5739917766	0.5739917766	0	0.1679674019	0.1679674019	0
-0.292	0.5728879144	0.5728879144	0	0.1682682136	0.1682682136	0
-0.288	0.5717738383	0.5717738383	0	0.1685718087	0.1685718087	0
-0.284	0.5706494538	0.5706494538	0	0.1688782129	0.1688782129	0
-0.28	0.5695146655	0.5695146655	0	0.1691874523	0.1691874523	0
-0.276	0.5683693771	0.5683693771	0	0.169499553	0.169499553	0
-0.272	0.5672134915	0.5672134915	0	0.1698145415	0.1698145415	0
-0.268	0.5660469106	0.5660469106	0	0.1701324446	0.1701324446	0
-0.264	0.5648695355	0.5648695355	0	0.1704532893	0.1704532893	0
-0.26	0.5636812663	0.5636812663	0	0.1707771026	0.1707771026	0
-0.256	0.5620021163	0.5620021163	0	0.1710072382	0.1710072382	0
-0.252	0.5603065585	0.5603065585	0	0.1712393278	0.1712393278	0
-0.248	0.558595312	0.558595312	0	0.171473565	0.171473565	0
-0.244	0.5568682314	0.5568682314	0	0.1717099694	0.1717099694	0
-0.24	0.5551251704	0.5551251704	0	0.1719485613	0.1719485613	0
-0.236	0.553365981	0.553365981	0	0.1721893609	0.1721893609	0
-0.232	0.5515905141	0.5515905141	0	0.1724323885	0.1724323885	0
-0.228	0.549798619	0.549798619	0	0.1726776649	0.1726776649	0
-0.224	0.5479901436	0.5479901436	0	0.1729252108	0.1729252108	0
-0.22	0.5459908896	0.5459908896	0	0.1731294181	0.1731294181	0
-0.216	0.5438316338	0.5438316338	0	0.1732984174	0.1732984174	0
-0.212	0.5416523986	0.5416523986	0	0.1734689804	0.1734689804	0
-0.208	0.5394529992	0.5394529992	0	0.1736411216	0.1736411216	0
-0.204	0.5372332491	0.5372332491	0	0.1738148557	0.1738148557	0
-0.2	0.5349929598	0.5349929598	0	0.1739901972	0.1739901972	0
-0.196	0.5327319414	0.5327319414	0	0.1741671612	0.1741671612	0
-0.192	0.530450002	0.530450002	0	0.1743457626	0.1743457626	0
-0.188	0.5281469481	0.5281469481	0	0.1745260166	0.1745260166	0
-0.184	0.5256693731	0.5256693731	0	0.174634562	0.174634562	0
-0.18	0.5231445568	0.5231445568	0	0.174732466	0.174732466	0
-0.176	0.5205963787	0.5205963787	0	0.1748312758	0.1748312758	0
-0.172	0.5180246225	0.5180246225	0	0.174931	0.174931	0
-0.168	0.5154290702	0.5154290702	0	0.1750316469	0.1750316469	0
-0.164	0.5128095015	0.5128095015	0	0.175133225	0.175133225	0
-0.16	0.5101656943	0.5101656943	0	0.1752357431	0.1752357431	0
-0.156	0.5074974242	0.5074974242	0	0.1753392097	0.1753392097	0
-0.152	0.5047715467	0.5047715467	0	0.1753770282	0.1753770282	0
-0.148	0.5020131183	0.5020131183	0	0.1754003683	0.1754003683	0
-0.144	0.4992291665	0.4992291665	0	0.1754239243	0.1754239243	0
-0.14	0.4964194551	0.4964194551	0	0.1754476982	0.1754476982	0
-0.136	0.4935837457	0.4935837457	0	0.1754716922	0.1754716922	0
-0.132	0.4907217979	0.4907217979	0	0.1754959081	0.1754959081	0
-0.128	0.4878333688	0.4878333688	0	0.1755203482	0.1755203482	0
-0.124	0.4849330237	0.4849330237	0	0.1755249843	0.1755249843	0
-0.12	0.482036212	0.482036212	0	0.1754885903	0.1754885903	0
-0.116	0.4791125963	0.4791125963	0	0.1754518595	0.1754518595	0
-0.112	0.4761619288	0.4761619288	0	0.1754147889	0.1754147889	0
-0.108	0.4731839591	0.4731839591	0	0.1753773752	0.1753773752	0
-0.104	0.4701784346	0.4701784346	0	0.1753396154	0.1753396154	0
-0.1	0.4671451003	0.4671451003	0	0.1753015062	0.1753015062	0
-0.096	0.4641124319	0.4641124319	0	0.1752461803	0.1752461803	0
-0.092	0.4611123298	0.4611123298	0	0.175154759	0.175154759	0
-0.088	0.458084468	0.458084468	0	0.1750624917	0.1750624917	0
-0.084	0.4550285898	0.4550285898	0	0.1749693708	0.1749693708	0
-0.08	0.4519444359	0.4519444359	0	0.1748753881	0.1748753881	0
-0.076	0.4488317447	0.4488317447	0	0.1747805359	0.1747805359	0
-0.072	0.4456902521	0.4456902521	0	0.174684806	0.174684806	0
-0.068	0.4426127305	0.4426127305	0	0.1745490236	0.1745490236	0
-0.064	0.4395393838	0.4395393838	0	0.1743982397	0.1743982397	0
-0.06	0.4364375997	0.4364375997	0	0.1742460606	0.1742460606	0
-0.056	0.4333071152	0.4333071152	0	0.1740924734	0.1740924734	0
-0.052	0.4301476646	0.4301476646	0	0.173937465	0.173937465	0
-0.048	0.42695898	0.42695898	0	0.1737810224	0.1737810224	0
-0.044	0.4238279581	0.4238279581	0	0.1735987142	0.1735987142	0
-0.04	0.4207437943	0.4207437943	0	0.1733934771	0.1733934771	0
-0.036	0.4176310931	0.4176310931	0	0.1731863409	0.1731863409	0
-0.032	0.4144895905	0.4144895905	0	0.1729772881	0.1729772881	0
-0.028	0.4113190199	0.4113190199	0	0.172766301	0.172766301	0
-0.024	0.4081191123	0.4081191123	0	0.1725533617	0.1725533617	0
-0.02	0.4050024676	0.4050024676	0	0.1723172341	0.1723172341	0
-0.016	0.4019137778	0.4019137778	0	0.1720682456	0.1720682456	0
-0.012	0.3987965087	0.3987965087	0	0.1718169532	0.1718169532	0
-0.008	0.3956503959	0.3956503959	0	0.1715633356	0.1715633356	0
-0.004	0.3924751725	0.3924751725	0	0.1713073714	0.1713073714	0
0	0.3892869874	0.3892869874	0	0.171044184	0.171044184	0
0.004	0.3862215286	0.3862215286	0	0.17073355	0.17073355	0
0.008	0.3831277055	0.3831277055	0	0.1704200418	0.1704200418	0
0.012	0.3800052556	0.3800052556	0	0.1701036327	0.1701036327	0
0.016	0.3768539141	0.3768539141	0	0.169784296	0.169784296	0
0.02	0.3736734135	0.3736734135	0	0.1694620044	0.1694620044	0
0.024	0.3706332003	0.3706332003	0	0.1691263668	0.1691263668	0
0.028	0.3676072277	0.3676072277	0	0.1687850362	0.1687850362	0
0.032	0.3645532561	0.3645532561	0	0.1684405472	0.1684405472	0
0.036	0.3614710264	0.3614710264	0	0.1680928708	0.1680928708	0
0.04	0.3583602772	0.3583602772	0	0.1677419773	0.1677419773	0
0.044	0.3553670864	0.3553670864	0	0.1673802921	0.1673802921	0
0.048	0.352395055	0.352395055	0	0.1670127415	0.1670127415	0
0.052	0.3493955238	0.3493955238	0	0.16664179	0.16664179	0
0.056	0.3463682382	0.3463682382	0	0.166267406	0.166267406	0
0.06	0.3433129415	0.3433129415	0	0.165889558	0.165889558	0
0.064	0.340395315	0.340395315	0	0.1654839407	0.1654839407	0
0.068	0.3374642637	0.3374642637	0	0.165072585	0.165072585	0
0.072	0.3345060918	0.3345060918	0	0.164657423	0.164657423	0
0.076	0.3315205483	0.3315205483	0	0.1642384196	0.1642384196	0
0.08	0.3285707444	0.3285707444	0	0.1638176306	0.1638176306	0
0.084	0.3257392087	0.3257392087	0	0.1633977521	0.1633977521	0
0.088	0.3228814732	0.3228814732	0	0.1629739886	0.1629739886	0
0.092	0.3199972954	0.3199972954	0	0.1625463041	0.1625463041	0
0.096	0.3170864306	0.3170864306	0	0.1621146622	0.1621146622	0
0.1	0.3142751488	0.3142751488	0	0.1616372581	0.1616372581	0
0.104	0.3114564397	0.3114564397	0	0.161149301	0.161149301	0
0.108	0.3086116493	0.3086116493	0	0.1606568289	0.1606568289	0
0.112	0.3057405364	0.3057405364	0	0.1601598	0.1601598	0
0.116	0.3029665213	0.3029665213	0	0.1596689626	0.1596689626	0
0.12	0.3002447988	0.3002447988	0	0.1591803862	0.1591803862	0
0.124	0.2974978926	0.2974978926	0	0.158687289	0.158687289	0
0.128	0.2947255695	0.2947255695	0	0.1581896292	0.1581896292	0
0.132	0.2920149534	0.2920149534	0	0.1576827596	0.1576827596	0
0.136	0.2893612026	0.2893612026	0	0.1571668801	0.1571668801	0
0.14	0.2866828969	0.2866828969	0	0.1566462273	0.1566462273	0
0.144	0.2839798092	0.2839798092	0	0.156120757	0.156120757	0
0.148	0.2813509844	0.2813509844	0	0.1555961053	0.1555961053	0
0.152	0.2787734239	0.2787734239	0	0.1550709245	0.1550709245	0
0.156	0.2761720136	0.2761720136	0	0.1545408843	0.1545408843	0
0.16	0.2735465327	0.2735465327	0	0.1540059397	0.1540059397	0
0.164	0.2710147411	0.2710147411	0	0.1534624141	0.1534624141	0
0.168	0.2684971309	0.2684971309	0	0.1529127018	0.1529127018	0
0.172	0.2659562255	0.2659562255	0	0.1523579031	0.1523579031	0
0.176	0.2634038422	0.2634038422	0	0.1517988258	0.1517988258	0
0.18	0.2609696124	0.2609696124	0	0.1512446469	0.1512446469	0
0.184	0.258512859	0.258512859	0	0.1506853402	0.1506853402	0
0.188	0.2560333735	0.2560333735	0	0.1501208584	0.1501208584	0
0.192	0.253599671	0.253599671	0	0.1495450749	0.1495450749	0
0.196	0.2512075164	0.2512075164	0	0.1489582972	0.1489582972	0
0.2	0.2487932275	0.2487932275	0	0.1483660902	0.1483660902	0
0.204	0.2463671856	0.2463671856	0	0.1477703732	0.1477703732	0
0.208	0.2440560984	0.2440560984	0	0.14719471	0.14719471	0
0.212	0.2417236271	0.2417236271	0	0.1466137203	0.1466137203	0
0.216	0.2393695736	0.2393695736	0	0.1460273547	0.1460273547	0
0.22	0.2370923316	0.2370923316	0	0.1454258341	0.1454258341	0
0.224	0.234830457	0.234830457	0	0.1448151519	0.1448151519	0
0.228	0.2325476534	0.2325476534	0	0.1441988191	0.1441988191	0
0.232	0.2303083857	0.2303083857	0	0.1435942405	0.1435942405	0
0.236	0.2281160052	0.2281160052	0	0.143002321	0.143002321	0
0.24	0.2259033388	0.2259033388	0	0.1424049245	0.1424049245	0
0.244	0.223707681	0.223707681	0	0.141795413	0.141795413	0
0.248	0.2215638639	0.2215638639	0	0.1411675804	0.1411675804	0
0.252	0.2194002103	0.2194002103	0	0.1405339385	0.1405339385	0
0.256	0.2172492025	0.2172492025	0	0.1399007371	0.1399007371	0
0.26	0.2151608381	0.2151608381	0	0.1392776052	0.1392776052	0
0.264	0.2130531504	0.2130531504	0	0.1386487076	0.1386487076	0
0.268	0.2109601367	0.2109601367	0	0.1380185355	0.1380185355	0
0.272	0.2089242414	0.2089242414	0	0.1373927029	0.1373927029	0
0.276	0.2068695081	0.2068695081	0	0.1367610796	0.1367610796	0
0.28	0.2048379432	0.2048379432	0	0.1361181735	0.1361181735	0
0.284	0.2028474356	0.2028474356	0	0.1354616017	0.1354616017	0
0.288	0.20083851	0.20083851	0	0.1347989547	0.1347989547	0
0.292	0.1988713634	0.1988713634	0	0.1341500885	0.1341500885	0
0.296	0.1969273977	0.1969273977	0	0.1335088686	0.1335088686	0
0.3	0.1949654447	0.1949654447	0	0.1328617156	0.1328617156	0
0.304	0.1930704559	0.1930704559	0	0.1322130555	0.1322130555	0
0.308	0.1911735352	0.1911735352	0	0.1315592148	0.1315592148	0
0.312	0.1892745978	0.1892745978	0	0.1309015389	0.1309015389	0
0.316	0.1874371507	0.1874371507	0	0.1302490487	0.1302490487	0
0.32	0.1855827019	0.1855827019	0	0.1295905212	0.1295905212	0
0.324	0.1837589501	0.1837589501	0	0.1289428943	0.1289428943	0
0.328	0.1819578775	0.1819578775	0	0.1283033209	0.1283033209	0
0.332	0.1801401397	0.1801401397	0	0.1276578297	0.1276578297	0
0.336	0.1783877276	0.1783877276	0	0.1269952409	0.1269952409	0
0.34	0.1766196023	0.1766196023	0	0.1263264534	0.1263264534	0
0.344	0.1748745491	0.1748745491	0	0.125657935	0.125657935	0
0.348	0.173153279	0.173153279	0	0.1249897696	0.1249897696	0
0.352	0.1714204945	0.1714204945	0	0.1243171346	0.1243171346	0
0.356	0.1697434495	0.1697434495	0	0.1236661366	0.1236661366	0
0.36	0.1680508869	0.1680508869	0	0.123009115	0.123009115	0
0.364	0.1663960118	0.1663960118	0	0.122348011	0.122348011	0
0.368	0.1647519904	0.1647519904	0	0.1216817694	0.1216817694	0
0.372	0.1631175614	0.1631175614	0	0.1210133412	0.1210133412	0
0.376	0.1615170255	0.1615170255	0	0.120346589	0.120346589	0
0.38	0.1599050763	0.1599050763	0	0.1196750823	0.1196750823	0
0.384	0.158341324	0.158341324	0	0.1190236535	0.1190236535	0
0.388	0.1567631024	0.1567631024	0	0.118366197	0.118366197	0
0.392	0.1552252453	0.1552252453	0	0.1177155495	0.1177155495	0
0.396	0.1536858877	0.1536858877	0	0.1170618671	0.1170618671	0
0.4	0.1521759588	0.1521759588	0	0.1164019471	0.1164019471	0
0.404	0.1506790315	0.1506790315	0	0.1157358041	0.1157358041	0
0.408	0.1491955897	0.1491955897	0	0.1150756622	0.1150756622	0
0.412	0.1477294747	0.1477294747	0	0.1144232308	0.1144232308	0
0.416	0.1462700158	0.1462700158	0	0.1137737615	0.1137737615	0
0.42	0.1448329953	0.1448329953	0	0.1131342774	0.1131342774	0
0.424	0.1433974197	0.1433974197	0	0.1124849169	0.1124849169	0
0.428	0.1419842859	0.1419842859	0	0.1118199529	0.1118199529	0
0.432	0.1405714545	0.1405714545	0	0.1111517152	0.1111517152	0
0.436	0.1391830836	0.1391830836	0	0.1104853722	0.1104853722	0
0.44	0.1377954983	0.1377954983	0	0.1098194063	0.1098194063	0
0.444	0.1364318204	0.1364318204	0	0.1091649147	0.1091649147	0
0.448	0.1350707952	0.1350707952	0	0.1085116962	0.1085116962	0
0.452	0.1337305008	0.1337305008	0	0.1078684274	0.1078684274	0
0.456	0.1324031737	0.1324031737	0	0.1072184397	0.1072184397	0
0.46	0.13110283	0.13110283	0	0.1065612508	0.1065612508	0
0.464	0.1298137178	0.1298137178	0	0.105908362	0.105908362	0
0.468	0.1285355508	0.1285355508	0	0.1052596388	0.1052596388	0
0.472	0.1272735271	0.1272735271	0	0.1046191091	0.1046191091	0
0.476	0.1260149934	0.1260149934	0	0.1039803507	0.1039803507	0
0.48	0.1247791858	0.1247791858	0	0.1033531266	0.1033531266	0
0.484	0.1235406385	0.1235406385	0	0.1027235629	0.1027235629	0
0.488	0.122334489	0.122334489	0	0.102079712	0.102079712	0
0.492	0.1211276826	0.1211276826	0	0.1014339411	0.1014339411	0
0.496	0.1199390214	0.1199390214	0	0.1007934623	0.1007934623	0
0.5	0.1187591811	0.1187591811	0	0.1001577365	0.1001577365	0
0.504	0.1175862561	0.1175862561	0	0.0995257368	0.0995257368	0
0.508	0.1164322875	0.1164322875	0	0.0989039511	0.0989039511	0
0.512	0.1152793002	0.1152793002	0	0.0982804252	0.0982804252	0
0.516	0.114147881	0.114147881	0	0.0976538235	0.0976538235	0
0.52	0.1130232857	0.1130232857	0	0.0970218305	0.0970218305	0
0.524	0.111907344	0.111907344	0	0.0963844379	0.0963844379	0
0.528	0.1108090598	0.1108090598	0	0.0957571307	0.0957571307	0
0.532	0.1097133659	0.1097133659	0	0.0951313031	0.0951313031	0
0.536	0.1086321735	0.1086321735	0	0.0945137582	0.0945137582	0
0.54	0.1075612959	0.1075612959	0	0.0939021049	0.0939021049	0
0.544	0.1064946918	0.1064946918	0	0.0932907345	0.0932907345	0
0.548	0.105451578	0.105451578	0	0.0926704368	0.0926704368	0
0.552	0.1044158337	0.1044158337	0	0.0920507492	0.0920507492	0
0.556	0.1033854335	0.1033854335	0	0.0914310907	0.0914310907	0
0.56	0.1023731545	0.1023731545	0	0.0908223299	0.0908223299	0
0.564	0.1013662419	0.1013662419	0	0.0902167962	0.0902167962	0
0.568	0.1003644947	0.1003644947	0	0.089614369	0.089614369	0
0.572	0.0993789797	0.0993789797	0	0.0890217034	0.0890217034	0
0.576	0.0984033387	0.0984033387	0	0.0884223595	0.0884223595	0
0.58	0.0974358329	0.0974358329	0	0.0878182895	0.0878182895	0
0.584	0.0964822416	0.0964822416	0	0.0872172162	0.0872172162	0
0.588	0.0955381248	0.0955381248	0	0.0866221149	0.0866221149	0
0.592	0.0945998734	0.0945998734	0	0.0860307107	0.0860307107	0
0.596	0.0936688824	0.0936688824	0	0.0854438829	0.0854438829	0
0.6	0.0927517517	0.0927517517	0	0.0848657916	0.0848657916	0
0.604	0.0918424109	0.0918424109	0	0.0842863176	0.0842863176	0
0.608	0.0909418103	0.0909418103	0	0.0837037429	0.0837037429	0
0.612	0.0900534556	0.0900534556	0	0.0831156261	0.0831156261	0
0.616	0.0891765488	0.0891765488	0	0.0825350882	0.0825350882	0
0.62	0.0883059938	0.0883059938	0	0.0819587553	0.0819587553	0
0.624	0.0874420076	0.0874420076	0	0.0813867711	0.0813867711	0
0.628	0.086584776	0.086584776	0	0.0808192588	0.0808192588	0
0.632	0.0857395577	0.0857395577	0	0.0802596996	0.0802596996	0
0.636	0.0849026249	0.0849026249	0	0.0796946837	0.0796946837	0
0.64	0.0840735727	0.0840735727	0	0.0791265253	0.0791265253	0
0.644	0.0832519973	0.0832519973	0	0.0785585803	0.0785585803	0
0.648	0.0824372815	0.0824372815	0	0.0779953772	0.0779953772	0
0.652	0.0816330086	0.0816330086	0	0.0774393932	0.0774393932	0
0.656	0.0808356335	0.0808356335	0	0.0768881775	0.0768881775	0
0.66	0.0800449413	0.0800449413	0	0.0763415817	0.0763415817	0
0.664	0.0792631687	0.0792631687	0	0.0757977458	0.0757977458	0
0.668	0.0784928951	0.0784928951	0	0.0752544861	0.0752544861	0
0.672	0.0777345915	0.0777345915	0	0.0747114438	0.0747114438	0
0.676	0.0769840843	0.0769840843	0	0.0741739847	0.0741739847	0
0.68	0.076241359	0.076241359	0	0.0736420984	0.0736420984	0
0.684	0.0755051221	0.0755051221	0	0.0731148587	0.0731148587	0
0.688	0.0747753843	0.0747753843	0	0.0725922731	0.0725922731	0
0.692	0.0740521467	0.0740521467	0	0.0720743425	0.0720743425	0
0.696	0.0733355568	0.0733355568	0	0.0715530101	0.0715530101	0
0.7	0.0726256584	0.0726256584	0	0.0710252054	0.0710252054	0
0.704	0.0719222628	0.0719222628	0	0.0704995913	0.0704995913	0
0.708	0.0712252911	0.0712252911	0	0.0699787776	0.0699787776	0
0.712	0.0705347096	0.0705347096	0	0.069462739	0.069462739	0
0.716	0.0698504796	0.0698504796	0	0.0689514465	0.0689514465	0
0.72	0.0691725578	0.0691725578	0	0.0684448679	0.0684448679	0
0.724	0.068501018	0.068501018	0	0.0679425943	0.0679425943	0
0.728	0.0678388178	0.0678388178	0	0.0674352868	0.0674352868	0
0.732	0.0671839833	0.0671839833	0	0.066928841	0.066928841	0
0.736	0.0665352072	0.0665352072	0	0.0664270808	0.0664270808	0
0.74	0.0658924307	0.0658924307	0	0.0659299606	0.0659299606	0
0.744	0.0652555929	0.0652555929	0	0.0654374333	0.0654374333	0
0.748	0.064624631	0.064624631	0	0.0649494505	0.0649494505	0
0.752	0.0639995529	0.0639995529	0	0.0644658428	0.0644658428	0
0.756	0.0633817056	0.0633817056	0	0.0639842213	0.0639842213	0
0.76	0.0627744856	0.0627744856	0	0.0634988024	0.0634988024	0
0.764	0.0621728172	0.0621728172	0	0.0630178216	0.0630178216	0
0.768	0.0615766325	0.0615766325	0	0.0625412245	0.0625412245	0
0.772	0.0609858629	0.0609858629	0	0.0620689563	0.0620689563	0
0.776	0.0604004395	0.0604004395	0	0.0616009618	0.0616009618	0
0.78	0.0598202928	0.0598202928	0	0.0611371856	0.0611371856	0
0.784	0.0592453531	0.0592453531	0	0.060677572	0.060677572	0
0.788	0.0586774535	0.0586774535	0	0.0602130793	0.0602130793	0
0.792	0.0581153028	0.0581153028	0	0.0597498677	0.0597498677	0
0.796	0.0575591898	0.0575591898	0	0.0592915881	0.0592915881	0
0.8	0.0570080093	0.0570080093	0	0.0588373733	0.0588373733	0
0.804	0.05646169	0.05646169	0	0.0583871645	0.0583871645	0
0.808	0.0559201607	0.0559201607	0	0.057940903	0.057940903	0
0.812	0.055383351	0.055383351	0	0.0574985308	0.0574985308	0
0.816	0.0548516651	0.0548516651	0	0.0570570797	0.0570570797	0
0.82	0.0543258557	0.0543258557	0	0.0566106415	0.0566106415	0
0.824	0.0538045639	0.0538045639	0	0.056168039	0.056168039	0
0.828	0.0532877201	0.0532877201	0	0.0557292131	0.0557292131	0
0.832	0.0527752556	0.0527752556	0	0.0552941053	0.0552941053	0
0.836	0.0522684649	0.0522684649	0	0.054863815	0.054863815	0
0.84	0.0517660708	0.0517660708	0	0.0544372576	0.0544372576	0
0.844	0.0512678546	0.0512678546	0	0.0540142474	0.0540142474	0
0.848	0.0507755061	0.0507755061	0	0.0535876806	0.0535876806	0
0.852	0.0502888138	0.0502888138	0	0.0531631654	0.0531631654	0
0.856	0.0498060835	0.0498060835	0	0.052742106	0.052742106	0
0.86	0.0493273997	0.0493273997	0	0.0523245762	0.0523245762	0
0.864	0.048854046	0.048854046	0	0.0519116956	0.0519116956	0
0.868	0.0483844564	0.0483844564	0	0.0515020981	0.0515020981	0
0.872	0.0479189926	0.0479189926	0	0.0510960994	0.0510960994	0
0.876	0.0474596901	0.0474596901	0	0.0506922235	0.0506922235	0
0.88	0.0470067223	0.0470067223	0	0.0502867744	0.0502867744	0
0.884	0.0465585617	0.0465585617	0	0.0498850988	0.0498850988	0
0.888	0.0461143789	0.0461143789	0	0.0494869884	0.0494869884	0
0.892	0.0456740176	0.0456740176	0	0.0490923032	0.0490923032	0
0.896	0.045238179	0.045238179	0	0.0487016715	0.0487016715	0
0.9	0.0448056505	0.0448056505	0	0.0483140066	0.0483140066	0
0.904	0.0443780605	0.0443780605	0	0.0479303812	0.0479303812	0
0.908	0.043955637	0.043955637	0	0.0475457778	0.0475457778	0
0.912	0.043538801	0.043538801	0	0.0471637434	0.0471637434	0
0.916	0.0431249993	0.0431249993	0	0.04678449	0.04678449	0
0.92	0.0427157766	0.0427157766	0	0.0464094333	0.0464094333	0
0.924	0.0423096115	0.0423096115	0	0.0460371789	0.0460371789	0
0.928	0.0419077558	0.0419077558	0	0.0456688742	0.0456688742	0
0.932	0.0415091722	0.0415091722	0	0.0453035683	0.0453035683	0
0.936	0.041114919	0.041114919	0	0.0449397727	0.0449397727	0
0.94	0.0407253562	0.0407253562	0	0.0445751302	0.0445751302	0
0.944	0.0403390973	0.0403390973	0	0.0442131414	0.0442131414	0
0.948	0.0399569534	0.0399569534	0	0.0438550089	0.0438550089	0
0.952	0.0395779566	0.0395779566	0	0.0434998259	0.0434998259	0
0.956	0.0392023732	0.0392023732	0	0.0431478416	0.0431478416	0
0.96	0.0388305573	0.0388305573	0	0.0427993883	0.0427993883	0
0.964	0.0384619681	0.0384619681	0	0.0424536116	0.0424536116	0
0.968	0.0380975263	0.0380975263	0	0.0421070571	0.0421070571	0
0.972	0.0377372537	0.0377372537	0	0.0417623375	0.0417623375	0
0.976	0.0373801086	0.0373801086	0	0.0414206103	0.0414206103	0
0.98	0.0370261022	0.0370261022	0	0.0410818864	0.0410818864	0
0.984	0.0366753288	0.0366753288	0	0.0407462559	0.0407462559	0
0.988	0.0363280347	0.0363280347	0	0.0404139545	0.0404139545	0
0.992	0.0359838273	0.0359838273	0	0.0400846066	0.0400846066	0
0.996	0.0356430698	0.0356430698	0	0.0397566564	0.0397566564	0
1	0.0353064821	0.0353064821	0	0.0394270101	0.0394270101	0

